12.197786
11.453366
10.987535
10.935031
10.839051
10.668447
10.441094
10.417782
10.355556
10.337237
10.277843
10.240789
10.234110
10.228791
10.173077
10.165640
10.161201
10.152957
10.081696
10.039915
10.029867
10.015452
9.982707
9.952329
9.940631
9.931609
9.931113
9.908729
9.876535
9.867948
9.862972
9.825621
9.788004
9.761590
9.755032
9.748335
9.719710
9.667089
9.665635
9.656348
9.645704
9.615548
9.548013
9.512823
9.459679
9.451976
9.444311
9.437412
9.429399
9.372618
9.370357
9.368895
9.360048
9.292203
9.286393
9.232052
9.204714
9.180140
9.089118
9.062723
9.040068
8.876939
8.827254
8.811119
8.757834
8.726737
8.725801
8.697431
8.684647
8.596878
8.574935
7.536673
