15.956738
15.868825
15.696964
15.334125
15.302227
15.284802
15.247455
15.203658
15.154911
15.131742
15.081741
15.077203
15.065970
15.050048
15.045537
15.044175
15.009827
14.982877
14.975078
14.950922
14.932897
14.931401
14.927533
14.923401
14.899742
14.876675
14.868675
14.858207
14.855309
14.850697
14.831754
14.767632
14.716825
14.689814
14.685963
14.593985
14.582205
14.576845
14.554021
14.548054
14.546659
14.535108
14.529033
14.528861
14.526268
14.481635
14.467293
14.466561
14.461225
14.456896
14.449788
14.408032
14.403936
14.373155
14.351760
14.338665
14.326180
14.319851
14.306981
14.304595
14.295892
14.288555
14.274460
14.270730
14.269167
14.257667
14.237449
14.231023
14.217848
14.181254
14.176010
14.173012
14.163723
14.149729
14.123013
14.106711
14.100167
14.099788
14.099010
14.097046
14.089678
14.076448
14.068097
14.055834
14.046142
14.034999
14.021491
14.006039
13.993852
13.992192
13.991789
13.961012
13.960439
13.954973
13.930086
13.925148
13.899685
13.879948
13.873086
13.871260
13.857648
13.813243
13.801983
13.794970
13.790616
13.777278
13.776852
13.766606
13.759846
13.717521
13.699257
13.675603
13.673328
13.651604
13.649011
13.643982
13.641843
13.619143
13.592084
13.591578
13.580351
13.578638
13.561666
13.524020
13.520035
13.513919
13.462933
13.450207
13.428770
13.381531
13.348843
13.304422
13.264613
13.257214
13.233024
13.206882
13.121061
13.091806
13.070370
13.065887
13.047800
13.046000
13.021871
12.859235
12.809757
12.701378
12.656747
12.254049
12.050247
12.040206
