13.311959
13.171694
12.751518
12.681753
12.387099
12.309119
12.274892
12.259559
12.243598
12.187975
12.157809
12.144283
12.114495
12.071442
11.926288
11.883829
11.873493
11.842071
11.803964
11.782710
11.779995
11.709030
11.701409
11.649110
11.610712
11.609641
11.607373
11.606439
11.550730
11.529061
11.461152
11.459532
11.429492
11.390965
11.372683
11.366817
11.363931
11.346249
11.345888
11.336776
11.332543
11.329017
11.325521
11.314067
11.309356
11.255389
11.248985
11.242793
11.241254
11.240763
11.225094
11.220818
11.195396
11.195395
11.174911
11.166193
11.163366
11.056603
11.031375
11.023594
11.001126
10.999757
10.964031
10.954765
10.898632
10.844584
10.843534
10.831861
10.827985
10.796060
10.785509
10.779805
10.777565
10.764121
10.732357
10.687359
10.621420
10.543539
10.535140
10.525373
10.502097
10.435916
10.413746
10.396309
10.387589
10.383684
10.365952
10.345220
10.335877
10.328238
10.295203
10.277540
10.015171
10.010610
9.893984
9.636777
