14.324495
14.309819
14.143099
14.029911
13.950749
13.913617
13.905207
13.762887
13.759794
13.690321
13.673982
13.659057
13.650851
13.632663
13.375843
13.344378
13.302364
13.293035
13.281629
13.223319
13.187776
13.187099
13.183846
13.175906
13.164918
13.158977
13.155459
13.140456
13.124707
13.102149
13.095041
12.963102
12.953904
12.942945
12.939980
12.907198
12.906858
12.893582
12.890712
12.886186
12.857506
12.844469
12.809587
12.804218
12.800245
12.784823
12.741391
12.731539
12.725051
12.699208
12.689309
12.642628
12.624531
12.598271
12.594775
12.582034
12.580320
12.572941
12.551270
12.528999
12.522150
12.520258
12.512527
12.489888
12.460341
12.449523
12.422900
12.400897
12.396061
12.362456
12.358131
12.352829
12.346074
12.343357
12.338887
12.321211
12.311933
12.283449
12.245617
12.240276
12.234137
12.179778
12.167260
12.158135
12.154208
12.145047
12.136939
12.136632
12.123402
12.120998
12.112267
12.095180
12.071593
12.060906
12.058912
12.055601
12.052690
12.011145
12.001632
11.990686
11.985998
11.927425
11.901126
11.851030
11.757330
11.746227
11.727214
11.644397
11.564538
11.547690
11.536680
11.506629
11.461655
11.430640
11.378497
11.374628
11.280476
11.266884
11.064839
10.625805
