20.263039
20.087009
19.867599
18.917131
18.806721
18.624346
18.253983
17.869656
17.446138
17.365492
17.259150
17.048922
16.838264
16.802002
16.243311
16.051699
15.849997
15.568031
15.229501
15.084846
14.799863
14.497725
14.385158
14.272977
14.130572
13.712253
13.583775
13.427014
13.175394
12.842197
12.709474
12.639072
12.416686
12.175269
12.096422
11.975111
11.689273
11.667390
11.335331
11.272635
11.064882
10.650499
10.612806
10.415672
10.224929
10.044911
9.979582
9.674924
9.571484
9.310832
8.907572
8.812200
8.776875
8.657311
8.420774
8.360340
8.238807
8.046142
7.943399
7.808410
7.535903
7.456375
7.371087
7.082523
6.837627
6.790179
6.688201
6.406555
6.245765
6.170521
5.983330
5.788662
5.698642
5.432835
5.388389
5.167554
4.909276
4.848866
4.729383
4.520820
4.371005
4.199617
3.923083
3.813681
3.657234
3.544364
3.496865
3.281024
3.138622
3.045157
2.888932
2.707366
2.388842
2.079722
1.984395
1.585166
