26.005241
25.565474
24.768383
24.466507
24.197548
23.903389
23.808796
23.349277
23.205893
22.992826
22.440500
22.363960
22.159307
21.953259
21.824896
21.743288
21.537153
21.343088
21.168610
20.962004
20.681160
20.428064
20.283800
20.190599
20.032301
19.904322
19.693895
19.382582
19.221310
19.130453
19.035614
18.757433
18.523775
18.370016
18.066895
17.998352
17.860125
17.653185
17.605406
17.445602
17.295406
17.091448
16.932272
16.814575
16.704992
16.353561
16.197302
16.197016
15.995701
15.881043
15.677646
15.529080
15.398596
15.116915
14.936905
14.667956
14.592972
14.563443
14.438220
14.350247
14.180919
13.975670
13.661767
13.639317
13.543924
13.482103
13.448651
13.151580
13.047886
12.985944
12.889480
12.624619
12.358126
12.278532
12.120892
12.018787
11.962828
11.785533
11.689152
11.629902
11.371783
11.329502
11.209890
11.135345
10.983204
10.877522
10.786856
10.626205
10.461622
10.438943
10.246857
10.103707
9.973072
9.730496
9.648331
9.539859
9.302765
9.148149
9.023849
9.018241
8.860358
8.819694
8.612486
8.422427
8.277247
8.127019
8.072770
7.908104
7.822200
7.675423
7.523163
7.358153
7.243966
7.161077
7.059988
6.867611
6.798271
6.564514
6.550397
6.344608
6.201616
6.119308
5.989254
5.834879
5.728776
5.576064
5.484264
5.376187
5.166625
4.983317
4.898514
4.813352
4.783404
4.471271
4.254465
4.212422
4.106951
3.997868
3.848461
3.742108
3.560856
3.424648
3.415171
3.133190
3.034059
2.737465
2.695714
2.510495
2.405530
2.150228
