18.336376
16.986681
16.874418
15.832812
15.710371
15.630941
15.456233
14.900138
14.610197
14.412955
14.196271
14.055541
13.949992
13.217176
13.047622
12.856853
12.474546
12.039022
11.834486
11.683022
11.557394
11.318050
11.141924
10.920236
10.733959
10.370790
10.284343
10.152781
9.923435
9.725038
9.362833
9.257837
8.951301
8.893861
8.479214
8.180578
8.102076
8.012069
7.698645
7.578266
7.351246
7.270337
7.117011
6.981530
6.649548
6.469913
6.278036
6.225760
5.948643
5.887132
5.476408
5.325592
5.065297
5.021823
4.786711
4.611449
4.566103
4.307774
4.188323
3.954143
3.757117
3.513872
3.252225
3.004899
2.848547
2.716218
2.578963
2.115535
2.086768
1.882795
1.485674
1.338400
