23.425179
22.678104
22.448030
21.816628
21.500267
21.127712
20.604445
20.017307
19.883944
19.757971
19.636784
19.460344
19.340054
19.011681
18.654266
18.515841
18.353167
18.179981
18.085165
17.793705
17.751083
17.642866
17.358501
17.041590
16.858059
16.509115
16.445288
16.204168
16.065868
15.972307
15.773034
15.552062
15.364675
15.124183
14.799639
14.724626
14.599488
14.524300
14.346037
13.940338
13.738338
13.579100
13.438678
13.226360
13.205778
12.971918
12.802972
12.788232
12.691633
12.468386
12.374544
12.199205
11.849875
11.706326
11.626430
11.494704
11.442917
11.165594
11.060772
11.028119
10.844422
10.746132
10.432077
10.369195
10.083727
9.822462
9.792003
9.591910
9.472081
9.295918
9.232456
9.108230
9.053446
8.878328
8.786950
8.593836
8.410760
8.300515
8.093294
7.865106
7.821885
7.647063
7.566144
7.383859
7.213165
7.131222
7.112667
6.967887
6.916423
6.591646
6.474918
6.223339
6.084175
5.856334
5.821731
5.619338
5.508967
5.345181
5.261196
5.079210
4.982285
4.791245
4.605993
4.557269
4.389725
4.305959
4.122012
3.882680
3.832607
3.672370
3.539399
3.469410
3.399000
3.104402
2.927156
2.729011
2.452395
2.353779
2.118713
1.955463
