18.336336
16.986647
16.874388
15.832779
15.710332
15.630914
15.456190
14.900107
14.610158
14.412934
14.196225
14.055504
13.949969
13.217155
13.047582
12.856826
12.474519
12.039000
11.834458
11.682993
11.557368
11.318026
11.141892
10.920204
10.733933
10.370757
10.284318
10.152745
9.923417
9.725016
9.362809
9.257815
8.951287
8.893835
8.479193
8.180556
8.102057
8.012045
7.698626
7.578246
7.351223
7.270324
7.116988
6.981509
6.649527
6.469893
6.278012
6.225747
5.948625
5.887111
5.476395
5.325581
5.065282
5.021807
4.786697
4.611434
4.566089
4.307758
4.188315
3.954130
3.757106
3.513864
3.252219
3.004892
2.848539
2.716212
2.578957
2.115529
2.086763
1.882792
1.485671
1.338398
