26.005117
25.565363
24.768318
24.466400
24.197475
23.903290
23.808716
23.349197
23.205809
22.992769
22.440401
22.363899
22.159210
21.953154
21.824818
21.743196
21.537037
21.342993
21.168512
20.961918
20.681065
20.427969
20.283701
20.190527
20.032200
19.904228
19.693810
19.382473
19.221220
19.130381
19.035534
18.757338
18.523689
18.369934
18.066788
17.998264
17.860020
17.653074
17.605293
17.445484
17.295294
17.091349
16.932198
16.814507
16.704910
16.469563
16.353479
16.197227
15.995621
15.880940
15.677567
15.528984
15.398496
15.116846
14.936801
14.817549
14.667881
14.563363
14.438152
14.350171
14.180832
13.975597
13.807894
13.639233
13.543847
13.482025
13.448296
13.151512
13.047818
12.985886
12.889413
12.624552
12.358062
12.278463
12.120818
12.018702
11.896512
11.785469
11.689098
11.629824
11.516103
11.371719
11.209826
11.135286
10.983138
10.877466
10.786798
10.626140
10.461559
10.438883
10.246790
10.103639
9.973002
9.730440
9.648272
9.539801
9.302704
9.148087
9.023794
9.018180
8.860298
8.819633
8.612439
8.419508
8.277205
8.126976
8.072724
7.908057
7.822159
7.675378
7.523118
7.358112
7.243927
7.161035
7.059957
6.867573
6.798227
6.564473
6.550361
6.344570
6.201577
6.119272
5.989217
5.834842
5.728744
5.576035
5.484230
5.376157
5.166598
4.983285
4.898485
4.813327
4.783373
4.471247
4.254443
4.212397
4.106932
3.997846
3.848439
3.742087
3.560837
3.424631
3.415151
3.034043
2.955676
2.737451
2.695698
2.510484
2.405516
2.150216
