20.262993
20.086964
19.867542
18.917093
18.806675
18.624277
18.253923
17.869598
17.446081
17.365459
17.259100
17.048878
16.838234
16.801964
16.243258
16.051649
15.849941
15.567987
15.229455
15.084813
14.799823
14.497672
14.385118
14.272931
14.130523
13.712210
13.583715
13.426949
13.175341
12.842148
12.709419
12.639016
12.416633
12.175227
12.096375
11.975080
11.689235
11.667356
11.335290
11.272602
11.064856
10.650451
10.612782
10.415637
10.224898
10.044870
9.979547
9.674895
9.571452
9.310791
8.907537
8.812160
8.776838
8.657279
8.420742
8.360301
8.238775
8.046106
7.943369
7.808380
7.535871
7.456339
7.371067
7.082496
6.837603
6.790154
6.688179
6.406531
6.245741
6.170497
5.983303
5.788640
5.698622
5.432810
5.388369
5.167530
4.909259
4.848847
4.729366
4.520796
4.370989
4.199596
3.923067
3.813667
3.657219
3.544352
3.496851
3.281013
3.138611
3.045146
2.888921
2.707353
2.388834
2.079713
1.984390
1.585161
