23.425142
22.678036
22.447943
21.816551
21.500212
21.127649
20.604391
20.017256
19.883888
19.757889
19.636709
19.460287
19.339968
19.011608
18.654186
18.515770
18.353092
18.179916
18.085098
17.793636
17.751017
17.642792
17.358404
17.041531
16.857992
16.509050
16.445227
16.204084
16.065802
15.972240
15.772973
15.551974
15.364617
15.124109
14.799551
14.724568
14.599428
14.524257
14.345968
13.940278
13.738265
13.579045
13.438622
13.226291
13.205720
12.971853
12.802913
12.788174
12.691571
12.468324
12.374479
12.199138
11.849817
11.706277
11.626372
11.494660
11.442864
11.165542
11.060729
11.028069
10.844372
10.746074
10.432024
10.369147
10.083680
9.822414
9.791961
9.591867
9.472044
9.295866
9.232408
9.108176
9.053401
8.878283
8.786902
8.593796
8.410708
8.300474
8.093252
7.865069
7.821840
7.647022
7.566111
7.383819
7.213131
7.131192
7.112637
6.967858
6.916396
6.591619
6.474886
6.223308
6.084147
5.856300
5.821706
5.619314
5.508940
5.345154
5.261173
5.079186
4.982261
4.791219
4.605969
4.557246
4.389703
4.305938
4.121993
3.882663
3.832592
3.672352
3.539382
3.469394
3.398985
3.104389
2.927144
2.729000
2.452381
2.353769
2.118705
1.955456
