26.005127
25.565346
24.768286
24.466362
24.197418
23.903275
23.808668
23.349174
23.205795
22.992718
22.440376
22.363853
22.159182
21.953140
21.824785
21.743183
21.537031
21.342985
21.168478
20.961885
20.681055
20.427946
20.283659
20.190470
20.032173
19.904205
19.693775
19.382446
19.221210
19.130350
19.035515
18.757330
18.523689
18.369925
18.066809
17.998255
17.860022
17.653088
17.605293
17.445507
17.295307
17.091351
16.932175
16.814487
16.704872
16.469536
16.353462
16.197210
15.995614
15.880926
15.677561
15.528979
15.398499
15.116823
14.936815
14.817558
14.667862
14.563375
14.438121
14.350154
14.180836
13.975594
13.807880
13.639233
13.543826
13.482010
13.448576
13.151507
13.047801
12.985880
12.889412
12.624544
12.358032
12.278437
12.120804
12.018706
11.962763
11.785461
11.689086
11.629838
11.516101
11.371711
11.209815
11.135280
10.983143
10.877463
10.786789
10.626138
10.461552
10.438878
10.246798
10.103646
9.973000
9.730435
9.648265
9.539801
9.302701
9.148091
9.023787
9.018178
8.860304
8.819638
8.612434
8.422380
8.277197
8.126965
8.072724
7.908060
7.822152
7.675374
7.523113
7.358108
7.243915
7.161035
7.059959
6.867578
6.798231
6.564471
6.550353
6.344566
6.201588
6.119273
5.989221
5.834852
5.728751
5.576033
5.484237
5.376156
5.166596
4.983290
4.898483
4.813322
4.783375
4.471246
4.254438
4.212398
4.106931
3.997846
3.848436
3.742087
3.560833
3.424628
3.415149
3.133171
3.034039
2.737450
2.695700
2.510480
2.405513
2.150217
