18.336332
16.986649
16.874390
15.832769
15.710330
15.630889
15.456187
14.900091
14.610149
14.412930
14.196231
14.055501
13.949945
13.217147
13.047579
12.856828
12.474525
12.038989
11.834454
11.683003
11.557374
11.318028
11.141895
10.920204
10.733932
10.370765
10.284317
10.152746
9.923411
9.725013
9.362810
9.257810
8.951281
8.893838
8.479198
8.180554
8.102049
8.012047
7.698622
7.578241
7.351223
7.270323
7.116992
6.981511
6.649529
6.469895
6.278018
6.225742
5.948624
5.887113
5.476394
5.325575
5.065279
5.021807
4.786696
4.611434
4.566092
4.307760
4.188313
3.954128
3.757105
3.513861
3.252216
3.004888
2.848537
2.716209
2.578956
2.115527
2.086761
1.882792
1.485670
1.338398
