23.425087
22.678017
22.447937
21.816568
21.500191
21.127619
20.604357
20.017225
19.883865
19.757858
19.636709
19.460255
19.339968
19.011597
18.654150
18.515749
18.353062
18.179903
18.085077
17.793625
17.750999
17.642773
17.358412
17.041502
16.857969
16.509033
16.445232
16.204084
16.065807
15.972237
15.772971
15.551968
15.364612
15.124110
14.799559
14.724538
14.599408
14.524233
14.345982
13.940282
13.738258
13.579012
13.438610
13.226266
13.205711
12.971858
12.802910
12.788168
12.691564
12.468323
12.374479
12.199149
11.849812
11.706268
11.626368
11.494657
11.442853
11.165518
11.060712
11.028062
10.844376
10.746074
10.432032
10.369140
10.083673
9.822395
9.791960
9.591849
9.472028
9.295859
9.232395
9.108170
9.053400
8.878283
8.786897
8.593788
8.410705
8.300473
8.093252
7.865066
7.821847
7.647007
7.566106
7.383823
7.213126
7.131180
7.112632
6.967839
6.916382
6.591615
6.474892
6.223309
6.084144
5.856294
5.821703
5.619312
5.508934
5.345150
5.261168
5.079185
4.982265
4.791216
4.605963
4.557241
4.389699
4.305934
4.121986
3.882660
3.832584
3.672348
3.539379
3.469393
3.398979
3.104385
2.927139
2.728997
2.452380
2.353768
2.118703
1.955455
