20.262964
20.086956
19.867552
18.917070
18.806650
18.624285
18.253902
17.869596
17.446051
17.365419
17.259077
17.048868
16.838200
16.801937
16.243248
16.051634
15.849943
15.567974
15.229445
15.084785
14.799808
14.497666
14.385090
14.272911
14.130521
13.712192
13.583709
13.426960
13.175342
12.842158
12.709418
12.639017
12.416633
12.175222
12.096391
11.975062
11.689220
11.667335
11.335287
11.272593
11.064832
10.650460
10.612769
10.415635
10.224891
10.044866
9.979549
9.674884
9.571445
9.310789
8.907537
8.812162
8.776833
8.657275
8.420744
8.360305
8.238768
8.046109
7.943359
7.808373
7.535877
7.456338
7.371056
7.082490
6.837598
6.790143
6.688168
6.406520
6.245737
6.170498
5.983306
5.788638
5.698617
5.432810
5.388364
5.167528
4.909252
4.848846
4.729364
4.520797
4.370986
4.199595
3.923064
3.813663
3.657216
3.544346
3.496847
3.281012
3.138609
3.045144
2.888921
2.707355
2.388832
2.079714
1.984388
1.585160
