 9.12907774e-01 -1.49795854e-01 1.01318545e+00 1.22938582e+00 -1.33116535e+00 -5.57049970e-01 1.96430109e-01 1.13477394e+00 -1.02509173e+00 -5.03749270e-01 -1.32281196e+00 -3.53279178e-01 1.85314005e+00 -6.04708756e-01 -1.84233008e+00 1.34328028e+00 7.61958641e-01 1.32292808e+00 2.04776032e-01 8.32649719e-01 -8.55359688e-01 -4.71580402e-01 1.54074225e-01 1.33226602e+00
 1.65394080e+00 -3.38269507e+00 -1.21938005e+00 2.03094501e+00 5.32153415e-01 1.03040123e+00 4.24706915e-01 7.84272005e-01 2.58881256e-01 -1.14267127e-01 -4.26832747e-01 -1.11959082e+00 1.08678672e+00 -6.67059941e-01 -1.15048053e+00 -1.32591000e-01 -5.49714945e-01 -2.75870067e-01 2.04542931e+00 -1.25684989e+00 4.19783697e-01 1.31231745e-01 -3.02132182e-01 6.49904745e-01
 -1.36383825e+00 -1.79412458e+00 1.15785114e+00 2.09350817e-01 -9.20427762e-01 1.52536930e-01 -3.28817309e-01 -6.12387883e-02 -5.73980991e-01 4.63341332e-01 -2.17724686e-01 1.25541163e-01 -5.41292913e-01 1.76282171e+00 -1.03727613e+00 1.24937153e+00 2.10630266e-01 2.60824748e-01 9.28453368e-01 1.03436704e+00 7.61747390e-01 5.97348956e-01 4.25653812e-01 -6.53388499e-01
 -1.45943016e-01 2.73431615e-01 1.26358899e+00 5.36212457e-01 1.24947021e+00 1.07864460e+00 3.02319854e-01 1.50815724e+00 1.80737970e+00 -5.71556144e-01 1.25805533e+00 9.12453140e-01 -6.56210264e-02 9.69107464e-01 -6.01579774e-01 -1.36354631e+00 -8.89395263e-01 6.48055997e-01 -1.44795048e+00 -1.37730834e+00 1.14075565e+00 2.83131175e+00 3.43415155e-01 1.34512270e+00
 -2.87538849e-01 7.49408325e-01 1.12712362e+00 1.00369513e+00 -6.40726635e-02 -1.91682563e-01 7.17737033e-02 -6.34223742e-01 -3.24531055e-01 1.91757748e-01 -2.92476866e-01 -5.71390296e-01 -3.30364858e-01 1.86411295e-01 2.27879995e-01 3.21051051e-01 -7.77928681e-01 4.47088742e-02 1.21553290e+00 -2.96770272e-01 2.37101652e-02 1.39795843e-01 1.30571941e+00 2.47164097e+00
 -1.09198325e+00 -2.25365995e+00 6.60417746e-01 -1.32194994e+00 -4.85104764e-01 -1.66099613e+00 -1.20662962e+00 -1.08612236e+00 1.04307370e-01 -6.03759108e-01 1.05656948e+00 3.74932485e-01 -4.36415906e-02 4.21749954e-01 1.37966353e+00 -8.86571071e-01 7.97339229e-01 -8.94756904e-01 -7.54656716e-01 -1.36802517e+00 -8.96844937e-02 1.66833583e+00 1.25460193e-01 2.49494585e+00
 8.49599799e-01 1.88678617e+00 -1.12969205e+00 1.33010112e+00 -8.08235461e-01 2.88272131e-01 -1.35531763e+00 -9.29147637e-01 -1.53360214e+00 5.48250327e-01 7.48607675e-01 -2.01694088e+00 8.04469327e-01 -1.03143822e-01 9.99985342e-01 1.02169924e+00 3.28248234e-01 -1.19149410e-01 -4.16502508e-01 3.52772979e-01 9.97234395e-01 -3.56043633e-01 -1.35237104e+00 1.34007993e+00
 -2.22686968e+00 1.63361104e-01 -9.29953648e-01 2.79577403e-02 -1.98125419e-01 2.77541182e+00 -2.37630220e+00 -1.31834029e+00 1.59130939e+00 -1.76997561e-01 1.70330064e-02 7.27038299e-01 -1.28178350e+00 5.35242471e-01 1.43886425e-01 -6.51716426e-01 -3.62399916e-01 -1.30715545e+00 -7.43474337e-01 -2.51946647e-01 1.00732568e+00 3.33277261e-01 -8.47623332e-01 3.71577609e-01
 -1.17810290e+00 -3.62436159e-01 5.78137986e-01 -1.43117181e-01 -4.32570748e-02 -6.73298421e-01 1.27250739e+00 -4.49412081e-01 1.40798778e+00 6.45399506e-01 -3.22332357e-01 8.71322861e-01 -4.21796804e-01 -3.20449112e-01 1.02965358e+00 -1.98017649e+00 5.43806487e-01 9.73008608e-01 1.42776167e+00 -1.41416109e+00 -5.22527048e-01 9.17464893e-01 -5.71954363e-02 2.68278671e-01
 2.87144039e-01 8.58503655e-01 1.70845894e-01 2.55973447e-01 7.66999544e-01 2.58593208e+00 -1.05673667e+00 6.05053825e-01 3.77425796e-01 1.15602281e+00 -5.62125172e-01 2.56352135e+00 -3.12486275e-01 3.11956404e-01 4.15194602e-02 -1.07056621e+00 1.23228909e+00 -1.58582781e+00 3.76253251e-01 -1.02721300e+00 1.56202997e+00 6.51377839e-01 -5.54391173e-01 1.24186919e+00
 1.98479958e+00 -9.79738252e-01 -3.36392835e-01 -2.66908440e-01 9.21087522e-01 1.61968236e+00 -1.61672050e-01 6.99209529e-01 1.04797801e+00 -2.36535999e-02 6.97330265e-01 4.16163206e-01 -5.61793448e-01 1.92204020e+00 -5.46564723e-01 -1.35559159e+00 -9.52635210e-01 4.95391241e-01 1.61805218e+00 1.18005567e+00 -1.05399009e+00 4.53945605e-01 -7.73814637e-02 6.16757802e-01
 5.86248963e-01 -4.45407878e-01 4.38138879e-01 3.71387064e-01 -1.03370869e+00 -3.38517949e-01 -1.36981198e+00 2.90225770e-01 1.16594298e+00 1.77843693e+00 7.30839255e-01 -9.38740917e-01 1.47935602e+00 -2.37303116e+00 1.41604640e+00 -2.14165476e+00 5.00642285e-01 -1.12292879e+00 1.59303164e+00 -9.59608197e-01 -6.09738240e-01 -4.53533357e-01 3.93891387e-01 4.55470660e-01
 1.65157115e+00 4.24921374e-01 1.49110844e-01 -3.32650358e-01 2.09499030e-01 5.31729300e-02 4.22195820e-01 1.22828219e+00 1.57606986e+00 -5.41703732e-01 -5.39706865e-01 -8.88714014e-01 -1.18513740e+00 -9.99624366e-01 -8.32793925e-01 -1.48968112e-01 -9.06827901e-02 7.72605123e-01 1.03467059e+00 -1.38907018e-01 8.81577141e-02 1.18406447e-01 -1.17858889e+00 1.65553209e-01
 -3.07608394e-01 -1.11783883e+00 3.04381988e+00 -1.35370023e+00 4.39836828e-01 8.25331886e-01 -5.02349811e-01 4.35358702e-03 9.24247454e-01 1.06752940e+00 -5.45250585e-01 1.62566201e+00 8.00070739e-01 1.90482532e+00 7.35067556e-01 -3.42021387e-01 7.18629984e-01 2.27980570e-01 2.11868017e+00 5.16095299e-01 -1.64571179e+00 2.86655612e-01 1.09324953e+00 -6.06954594e-01
 -2.35035933e-01 2.86097206e-01 2.47713974e+00 -6.72236429e-04 5.84810071e-01 1.79941996e+00 2.16484774e-01 7.67330587e-01 1.31552083e+00 -5.40902114e-01 1.00293987e+00 -1.11243924e+00 -3.24250947e-02 1.28777943e-01 8.22162358e-03 3.48556792e-01 -1.57817100e-01 -9.19253506e-01 1.27263517e-01 2.50986443e-01 -6.78376549e-02 -1.71073344e+00 -3.67534452e-01 9.99696581e-01
 5.97006497e-01 -1.09334819e+00 2.50059193e-01 -6.93428982e-01 3.94003117e-01 -1.43044539e+00 9.72534262e-01 6.02941425e-01 6.48015751e-01 -2.57607905e-01 -5.42904791e-01 -9.94581220e-01 -1.12603842e+00 5.37423885e-01 1.32971103e+00 2.08233291e-01 -1.26806250e+00 -4.29487165e-01 1.25654413e+00 -4.87381537e-01 7.66713349e-01 7.06237911e-01 8.30662623e-01 7.14883782e-01
 1.03199508e-01 4.35883842e-01 -1.05326515e+00 3.95399371e-01 1.34557703e+00 -2.50003294e-02 2.57996134e-01 -9.16801636e-01 6.34707784e-01 -1.67255462e+00 -1.01967797e+00 6.54268414e-01 6.18399905e-01 -3.72058662e-01 -4.69673704e-01 -1.24970690e+00 5.63479147e-01 1.11082012e+00 -2.98119569e-02 1.74162630e-01 -1.56211479e+00 -5.94868891e-01 5.28316517e-02 -2.47235676e-02
 -6.10290969e-01 -2.02728124e-01 1.53559939e+00 -2.04251266e-01 9.17573971e-01 -2.94806464e-01 -7.81980688e-02 -1.41747119e+00 2.41847104e-01 -3.24511555e-01 1.13111867e+00 -2.83614335e+00 -2.76328697e-01 1.03645242e+00 1.77204336e-01 7.37717682e-01 1.92553817e-01 1.32462263e-01 8.08019547e-01 -8.30512001e-01 5.74421544e-01 -2.94028615e-01 -2.62372201e+00 -4.35338330e-01
 3.11836957e-01 6.62588237e-01 -3.83492795e-01 -5.28417176e-01 -1.47447246e+00 1.14634654e+00 -2.98576470e-01 -4.76505995e-03 1.74971550e+00 -8.68172301e-01 1.78609820e-01 -2.16198193e-01 -1.65122190e+00 -1.90528003e+00 4.32024871e-01 3.25062087e-01 -1.13630642e-01 1.07737765e+00 -1.32291766e+00 -3.88429150e-01 -9.70700868e-01 -8.56756112e-02 -1.41378771e+00 -8.50874038e-01
 -8.73300150e-01 3.62559482e-01 -3.29139641e-02 -8.00742376e-02 -1.36249862e+00 -5.40726886e-01 1.03727615e+00 -1.31763676e+00 1.96615769e-01 -1.59967154e+00 2.75518286e-02 4.94481896e-01 7.50989837e-01 -4.69634922e-01 1.60254034e-01 1.33967784e-01 1.58022098e+00 -6.73608049e-01 -2.48143849e-01 -1.12835265e-01 1.76358720e+00 9.39179765e-01 -1.17793535e+00 2.27848018e+00
 -1.61141763e+00 1.07682479e+00 -1.40525248e-01 -1.25711223e-01 4.96186069e-01 1.10340748e+00 -1.76818513e+00 8.18040799e-01 -1.32384066e+00 -1.79372858e-01 -3.41109304e-01 1.79188613e+00 1.59132185e+00 1.73782028e+00 5.22477151e-01 -9.60880152e-02 -1.66241130e+00 1.19597076e+00 -2.00680176e+00 1.26171656e+00 -3.03173868e-01 5.80861241e-01 -1.56795758e+00 6.13402529e-01
 -3.28108850e-01 8.77298411e-01 -4.34800846e-01 7.18843677e-01 9.73861335e-01 -7.81500370e-01 2.53330848e+00 3.61763522e-01 -8.63346144e-01 -1.09364010e+00 -3.44996071e-01 -8.48955981e-01 -2.15630914e-01 9.61141056e-02 3.58534439e-01 9.24124781e-01 8.63336543e-01 -1.76711066e+00 5.42877891e-01 3.95407148e-01 -7.43471480e-01 -1.69316388e+00 -3.55021426e-03 1.42653118e+00
 7.24113105e-01 2.74287110e-01 -8.91342892e-01 4.47686541e-01 5.85300656e-01 8.04310128e-01 -1.68281974e+00 -3.53874922e-01 -6.83027465e-01 -2.23443729e-01 -1.00331437e+00 3.86961386e-01 1.13506940e+00 5.27736916e-01 -7.73917468e-01 -8.16354028e-01 -1.50177011e-02 8.59222502e-01 7.01574686e-01 -2.61858734e-01 -1.28381836e-01 1.16241293e+00 4.54187472e-01 -7.72993135e-01
 1.80137821e+00 1.10686623e+00 3.82625690e-02 -1.35580562e+00 -1.58254390e-01 -6.50735292e-01 -1.05984591e-01 -1.93317958e+00 9.39311583e-01 -2.63685882e-01 8.98817164e-01 1.38722706e+00 5.15073346e-01 1.48576029e+00 6.64487748e-01 -8.67402110e-01 2.64158384e+00 7.01769023e-01 1.66355370e-03 -5.45676268e-01 -2.45108981e-01 -2.23021883e+00 1.28403272e+00 2.55616021e-01
 6.99309545e-02 -7.55525309e-01 9.76109011e-02 7.27461372e-01 -1.60729907e+00 1.47704678e+00 1.44107134e+00 -1.97733251e-01 1.13136360e+00 -4.63029759e-02 -3.82965068e-01 -8.37157184e-01 5.36973059e-01 -2.56066269e+00 -2.01059885e+00 1.18543358e+00 2.87443065e+00 -2.00702610e-01 2.21889827e-01 -1.27557935e-01 -1.03191701e+00 7.02071193e-01 1.16564391e-01 -7.22794199e-01
 5.86937564e-01 -7.42860806e-01 -7.97447549e-02 -9.05293260e-01 1.99585598e+00 6.72130143e-01 8.82596600e-01 7.87805628e-01 2.50976100e-01 -4.91887617e-01 -1.17155913e-01 1.20606588e+00 -6.68857130e-01 -9.55746065e-01 -2.55146447e-01 1.51297508e-01 -2.57272004e-01 7.38080083e-01 -9.85206600e-01 8.50381043e-01 1.42722812e+00 1.31090145e-02 6.28885051e-01 -1.51305007e+00
 -4.52702444e-01 2.83571001e+00 3.34398424e-01 -1.61679316e-01 -7.73273426e-01 4.10477858e-01 -1.33092687e-01 2.48526033e-01 -1.18362141e+00 8.02989000e-01 -2.55118855e-01 -9.66067500e-01 -9.22381682e-02 1.47008537e+00 -2.77389397e+00 7.61505927e-01 8.73801365e-02 3.07494302e-01 -4.03992267e-01 2.43816686e-01 -8.07843048e-01 -1.39916747e+00 4.46260388e-01 4.43073103e-01
 1.32068545e+00 9.63371710e-01 1.05010781e+00 -9.29263400e-01 -2.02434356e-02 -3.59158428e-01 -3.41059535e-01 5.97730912e-01 1.08493528e+00 2.97100773e-01 -2.33279862e-01 1.14851245e+00 9.56840116e-01 4.57904244e-01 1.02648316e+00 -5.81106951e-01 4.97532690e-01 2.57197003e-01 -8.74167220e-02 -2.46330772e+00 4.43964807e-02 -1.31897192e+00 4.29991974e-01 -1.85033077e-01
 -5.48787325e-01 -3.70913211e-02 6.13238056e-01 8.78413149e-01 -1.77457847e-01 7.28530828e-01 -1.60427452e+00 -1.71939777e+00 -9.18616381e-01 8.24657410e-01 -1.51760761e-01 1.66487438e-01 1.24175773e+00 -8.06448120e-01 1.61626283e+00 -1.07499620e+00 1.17252066e-01 -1.00739500e+00 1.06460257e+00 -6.22802335e-01 -4.77323238e-01 -6.94056159e-01 6.83151279e-01 -5.12664933e-01
 2.21895723e-01 5.16929900e-01 1.37764134e+00 -2.48057857e+00 1.00530651e+00 2.13803023e+00 1.00739600e+00 -1.06662897e-02 -1.37445582e+00 -1.28417399e+00 5.94529333e-01 -5.48223019e-01 7.09536436e-01 1.17249113e+00 9.68346078e-01 6.16385107e-02 -1.01480385e-01 8.57385750e-01 8.01606201e-01 -1.38741645e-01 1.71806595e+00 9.60926580e-03 -9.72281275e-02 -4.48339450e-01
 -6.58885420e-01 6.02139633e-01 -7.55914667e-01 -5.72224558e-02 4.72966706e-01 -5.20284233e-01 -1.35015767e-01 -6.68624653e-01 3.22683800e-01 4.08286732e-01 9.37462185e-01 2.33398322e+00 -1.79923797e+00 -8.94039218e-02 3.97382061e-01 -3.21308769e-02 5.73628069e-01 -3.49428351e-01 -1.36722100e+00 -3.98769165e-01 -3.47520321e-01 -1.21305220e+00 -2.00567059e-01 -6.41674616e-01
 6.66152162e-02 7.03291472e-01 -9.80810959e-01 1.44265109e+00 -2.98857581e-01 -6.70292397e-01 -9.08388574e-01 3.96543147e-01 -1.20500732e+00 -4.52336131e-01 -9.99339369e-02 2.53674853e-02 -5.85296671e-01 -9.36974133e-01 -2.53617298e-01 -7.09337786e-01 -2.41806049e+00 2.05495082e-01 8.69741587e-01 -1.41502539e+00 -6.18587144e-01 4.12749328e-01 1.37984788e+00 3.61492373e-01
