 9.12907774e-01 -1.49795854e-01 1.01318545e+00 1.22938582e+00 -1.33116535e+00 -5.57049970e-01 1.96430109e-01 1.13477394e+00 -1.02509173e+00 -5.03749270e-01 -1.32281196e+00 -3.53279178e-01 1.85314005e+00 -6.04708756e-01 -1.84233008e+00 1.34328028e+00 7.61958641e-01 1.32292808e+00 2.04776032e-01 8.32649719e-01 -8.55359688e-01 -4.71580402e-01 1.54074225e-01 1.33226602e+00 8.63020587e-01 8.39467821e-01 -2.39389382e+00 2.40978638e-02 -1.72102381e-01 8.87272366e-01 1.51814953e+00 2.15310633e+00 7.64611218e-02 8.09232495e-03 -9.83067484e-01 1.90223754e-01
 1.65394080e+00 -3.38269507e+00 -1.21938005e+00 2.03094501e+00 5.32153415e-01 1.03040123e+00 4.24706915e-01 7.84272005e-01 2.58881256e-01 -1.14267127e-01 -4.26832747e-01 -1.11959082e+00 1.08678672e+00 -6.67059941e-01 -1.15048053e+00 -1.32591000e-01 -5.49714945e-01 -2.75870067e-01 2.04542931e+00 -1.25684989e+00 4.19783697e-01 1.31231745e-01 -3.02132182e-01 6.49904745e-01 -6.75128413e-01 1.22712037e+00 8.97363289e-01 -5.98621774e-01 7.00670907e-01 -6.09349227e-01 2.14737686e+00 9.11925569e-01 -1.44934839e+00 -9.90337317e-01 -1.50407923e+00 9.47530630e-02
 -1.36383825e+00 -1.79412458e+00 1.15785114e+00 2.09350817e-01 -9.20427762e-01 1.52536930e-01 -3.28817309e-01 -6.12387883e-02 -5.73980991e-01 4.63341332e-01 -2.17724686e-01 1.25541163e-01 -5.41292913e-01 1.76282171e+00 -1.03727613e+00 1.24937153e+00 2.10630266e-01 2.60824748e-01 9.28453368e-01 1.03436704e+00 7.61747390e-01 5.97348956e-01 4.25653812e-01 -6.53388499e-01 -8.35385408e-01 -1.26137023e+00 -2.10801602e-01 -1.77734060e-01 -3.88730201e-01 -1.65888780e+00 -5.41872694e-01 2.50832836e-01 1.39477574e+00 -1.03391823e+00 1.49924921e+00 8.62136215e-01
 -1.45943016e-01 2.73431615e-01 1.26358899e+00 5.36212457e-01 1.24947021e+00 1.07864460e+00 3.02319854e-01 1.50815724e+00 1.80737970e+00 -5.71556144e-01 1.25805533e+00 9.12453140e-01 -6.56210264e-02 9.69107464e-01 -6.01579774e-01 -1.36354631e+00 -8.89395263e-01 6.48055997e-01 -1.44795048e+00 -1.37730834e+00 1.14075565e+00 2.83131175e+00 3.43415155e-01 1.34512270e+00 4.73715324e-01 7.37407050e-01 1.90063121e-01 2.42198883e-01 4.93903645e-01 2.60448900e-01 -7.21587673e-01 1.19420825e-01 8.43351586e-01 -1.15117178e+00 -2.10457223e-01 7.46133538e-01
 -2.87538849e-01 7.49408325e-01 1.12712362e+00 1.00369513e+00 -6.40726635e-02 -1.91682563e-01 7.17737033e-02 -6.34223742e-01 -3.24531055e-01 1.91757748e-01 -2.92476866e-01 -5.71390296e-01 -3.30364858e-01 1.86411295e-01 2.27879995e-01 3.21051051e-01 -7.77928681e-01 4.47088742e-02 1.21553290e+00 -2.96770272e-01 2.37101652e-02 1.39795843e-01 1.30571941e+00 2.47164097e+00 4.95032874e-01 4.60753864e-02 2.25888180e+00 -4.37666250e-02 -1.89277434e+00 -1.19113530e-02 2.89895721e-01 1.14721443e+00 3.46518605e-01 -5.62555449e-01 -9.56894132e-01 -8.24480891e-01
 -1.09198325e+00 -2.25365995e+00 6.60417746e-01 -1.32194994e+00 -4.85104764e-01 -1.66099613e+00 -1.20662962e+00 -1.08612236e+00 1.04307370e-01 -6.03759108e-01 1.05656948e+00 3.74932485e-01 -4.36415906e-02 4.21749954e-01 1.37966353e+00 -8.86571071e-01 7.97339229e-01 -8.94756904e-01 -7.54656716e-01 -1.36802517e+00 -8.96844937e-02 1.66833583e+00 1.25460193e-01 2.49494585e+00 -1.34312420e+00 6.65478159e-01 4.68274933e-01 -1.22376530e+00 1.07427638e+00 -1.17289367e+00 -3.72374761e-01 2.44711589e-01 9.89735732e-01 1.30635865e+00 8.18577330e-01 1.25391746e-01
 8.49599799e-01 1.88678617e+00 -1.12969205e+00 1.33010112e+00 -8.08235461e-01 2.88272131e-01 -1.35531763e+00 -9.29147637e-01 -1.53360214e+00 5.48250327e-01 7.48607675e-01 -2.01694088e+00 8.04469327e-01 -1.03143822e-01 9.99985342e-01 1.02169924e+00 3.28248234e-01 -1.19149410e-01 -4.16502508e-01 3.52772979e-01 9.97234395e-01 -3.56043633e-01 -1.35237104e+00 1.34007993e+00 -3.74602874e-02 2.27173437e+00 -5.25215925e-01 1.12283422e-01 5.73178301e-01 9.61550667e-01 -1.47369541e+00 -4.17011238e-01 1.50479820e-01 -2.22954102e+00 -5.43096629e-01 6.68547674e-01
 -2.22686968e+00 1.63361104e-01 -9.29953648e-01 2.79577403e-02 -1.98125419e-01 2.77541182e+00 -2.37630220e+00 -1.31834029e+00 1.59130939e+00 -1.76997561e-01 1.70330064e-02 7.27038299e-01 -1.28178350e+00 5.35242471e-01 1.43886425e-01 -6.51716426e-01 -3.62399916e-01 -1.30715545e+00 -7.43474337e-01 -2.51946647e-01 1.00732568e+00 3.33277261e-01 -8.47623332e-01 3.71577609e-01 4.88513573e-01 4.43562825e-01 -3.99922955e-01 1.02345422e+00 4.43846305e-01 -9.72121266e-01 9.30153604e-01 -1.83597823e-01 5.65477287e-02 -8.67500354e-01 -6.43304515e-01 1.84152803e-01
 -1.17810290e+00 -3.62436159e-01 5.78137986e-01 -1.43117181e-01 -4.32570748e-02 -6.73298421e-01 1.27250739e+00 -4.49412081e-01 1.40798778e+00 6.45399506e-01 -3.22332357e-01 8.71322861e-01 -4.21796804e-01 -3.20449112e-01 1.02965358e+00 -1.98017649e+00 5.43806487e-01 9.73008608e-01 1.42776167e+00 -1.41416109e+00 -5.22527048e-01 9.17464893e-01 -5.71954363e-02 2.68278671e-01 -4.05913943e-01 -2.90241375e+00 -1.50218056e+00 -1.45587409e+00 -1.74742489e+00 -4.01221027e-02 -2.44598320e-01 1.32729992e+00 -2.45895081e+00 -9.73066031e-02 6.12941962e-01 -5.24858566e-01
 2.87144039e-01 8.58503655e-01 1.70845894e-01 2.55973447e-01 7.66999544e-01 2.58593208e+00 -1.05673667e+00 6.05053825e-01 3.77425796e-01 1.15602281e+00 -5.62125172e-01 2.56352135e+00 -3.12486275e-01 3.11956404e-01 4.15194602e-02 -1.07056621e+00 1.23228909e+00 -1.58582781e+00 3.76253251e-01 -1.02721300e+00 1.56202997e+00 6.51377839e-01 -5.54391173e-01 1.24186919e+00 -1.47578342e+00 -1.11825836e+00 7.27500659e-01 -1.15166649e+00 2.71460184e-01 8.99257235e-01 5.02399263e-01 6.71088113e-01 1.39334178e+00 -9.29578126e-01 -4.22635755e-01 -1.13297141e+00
 1.98479958e+00 -9.79738252e-01 -3.36392835e-01 -2.66908440e-01 9.21087522e-01 1.61968236e+00 -1.61672050e-01 6.99209529e-01 1.04797801e+00 -2.36535999e-02 6.97330265e-01 4.16163206e-01 -5.61793448e-01 1.92204020e+00 -5.46564723e-01 -1.35559159e+00 -9.52635210e-01 4.95391241e-01 1.61805218e+00 1.18005567e+00 -1.05399009e+00 4.53945605e-01 -7.73814637e-02 6.16757802e-01 -1.41991624e+00 -4.98669833e-01 1.58216971e+00 -1.46015262e+00 6.67268374e-01 4.83991114e-01 6.90095181e-01 -5.86861476e-01 3.57705908e-02 1.44996739e+00 -2.72637362e-01 -7.54332323e-01
 5.86248963e-01 -4.45407878e-01 4.38138879e-01 3.71387064e-01 -1.03370869e+00 -3.38517949e-01 -1.36981198e+00 2.90225770e-01 1.16594298e+00 1.77843693e+00 7.30839255e-01 -9.38740917e-01 1.47935602e+00 -2.37303116e+00 1.41604640e+00 -2.14165476e+00 5.00642285e-01 -1.12292879e+00 1.59303164e+00 -9.59608197e-01 -6.09738240e-01 -4.53533357e-01 3.93891387e-01 4.55470660e-01 -1.32593313e+00 -3.14800917e-01 -8.95699320e-01 9.45552965e-01 1.81198098e-01 1.38683441e+00 -2.70997363e-01 -6.74012594e-01 -7.83573629e-01 -8.65883530e-01 5.25836118e-01 -7.72263108e-01
 1.65157115e+00 4.24921374e-01 1.49110844e-01 -3.32650358e-01 2.09499030e-01 5.31729300e-02 4.22195820e-01 1.22828219e+00 1.57606986e+00 -5.41703732e-01 -5.39706865e-01 -8.88714014e-01 -1.18513740e+00 -9.99624366e-01 -8.32793925e-01 -1.48968112e-01 -9.06827901e-02 7.72605123e-01 1.03467059e+00 -1.38907018e-01 8.81577141e-02 1.18406447e-01 -1.17858889e+00 1.65553209e-01 -9.82444674e-01 -7.15168866e-01 3.31941951e-01 -1.01363778e+00 1.76125682e-02 -5.75874211e-02 7.67197495e-01 -4.57235573e-01 -4.40599567e-01 -2.61636855e-01 1.95157786e-01 7.70606200e-01
 -3.07608394e-01 -1.11783883e+00 3.04381988e+00 -1.35370023e+00 4.39836828e-01 8.25331886e-01 -5.02349811e-01 4.35358702e-03 9.24247454e-01 1.06752940e+00 -5.45250585e-01 1.62566201e+00 8.00070739e-01 1.90482532e+00 7.35067556e-01 -3.42021387e-01 7.18629984e-01 2.27980570e-01 2.11868017e+00 5.16095299e-01 -1.64571179e+00 2.86655612e-01 1.09324953e+00 -6.06954594e-01 1.19214061e-01 9.20349907e-01 -2.75880961e-01 1.66375327e+00 3.77088693e-01 2.81439738e-01 5.95239802e-01 -9.39157228e-01 4.08462148e-01 -3.54553670e-01 6.08296619e-01 -1.53214965e+00
 -2.35035933e-01 2.86097206e-01 2.47713974e+00 -6.72236429e-04 5.84810071e-01 1.79941996e+00 2.16484774e-01 7.67330587e-01 1.31552083e+00 -5.40902114e-01 1.00293987e+00 -1.11243924e+00 -3.24250947e-02 1.28777943e-01 8.22162358e-03 3.48556792e-01 -1.57817100e-01 -9.19253506e-01 1.27263517e-01 2.50986443e-01 -6.78376549e-02 -1.71073344e+00 -3.67534452e-01 9.99696581e-01 -4.51635415e-02 -7.83032460e-01 1.51339425e-01 1.39137192e+00 -4.32587464e-01 -3.16519587e-01 -1.36044390e+00 7.30945814e-02 -4.33405904e-01 1.17308895e+00 3.84490397e-01 2.17768505e-01
 5.97006497e-01 -1.09334819e+00 2.50059193e-01 -6.93428982e-01 3.94003117e-01 -1.43044539e+00 9.72534262e-01 6.02941425e-01 6.48015751e-01 -2.57607905e-01 -5.42904791e-01 -9.94581220e-01 -1.12603842e+00 5.37423885e-01 1.32971103e+00 2.08233291e-01 -1.26806250e+00 -4.29487165e-01 1.25654413e+00 -4.87381537e-01 7.66713349e-01 7.06237911e-01 8.30662623e-01 7.14883782e-01 -1.84368745e-01 -1.48480483e-01 1.21763886e+00 2.66986462e+00 2.47094973e-01 8.70862586e-01 5.45993512e-01 -9.22413889e-01 1.40720705e+00 -1.46707450e+00 -6.49702371e-01 -3.71740574e-01
 1.03199508e-01 4.35883842e-01 -1.05326515e+00 3.95399371e-01 1.34557703e+00 -2.50003294e-02 2.57996134e-01 -9.16801636e-01 6.34707784e-01 -1.67255462e+00 -1.01967797e+00 6.54268414e-01 6.18399905e-01 -3.72058662e-01 -4.69673704e-01 -1.24970690e+00 5.63479147e-01 1.11082012e+00 -2.98119569e-02 1.74162630e-01 -1.56211479e+00 -5.94868891e-01 5.28316517e-02 -2.47235676e-02 6.63053304e-01 -9.76175770e-01 -7.78069236e-01 1.25337368e+00 -2.14184249e+00 -9.27765283e-01 1.18346502e+00 2.19397202e+00 -5.91144100e-01 6.03293372e-02 -1.23061634e-01 3.93029710e-01
 -6.10290969e-01 -2.02728124e-01 1.53559939e+00 -2.04251266e-01 9.17573971e-01 -2.94806464e-01 -7.81980688e-02 -1.41747119e+00 2.41847104e-01 -3.24511555e-01 1.13111867e+00 -2.83614335e+00 -2.76328697e-01 1.03645242e+00 1.77204336e-01 7.37717682e-01 1.92553817e-01 1.32462263e-01 8.08019547e-01 -8.30512001e-01 5.74421544e-01 -2.94028615e-01 -2.62372201e+00 -4.35338330e-01 -1.20275634e+00 -1.56154971e-01 -1.32953670e+00 -1.73053125e-01 -1.37972836e+00 -1.83532949e-01 -4.98092884e-01 -1.81272145e+00 1.17902742e+00 1.13694417e+00 1.65150715e+00 -1.55667569e-01
 3.11836957e-01 6.62588237e-01 -3.83492795e-01 -5.28417176e-01 -1.47447246e+00 1.14634654e+00 -2.98576470e-01 -4.76505995e-03 1.74971550e+00 -8.68172301e-01 1.78609820e-01 -2.16198193e-01 -1.65122190e+00 -1.90528003e+00 4.32024871e-01 3.25062087e-01 -1.13630642e-01 1.07737765e+00 -1.32291766e+00 -3.88429150e-01 -9.70700868e-01 -8.56756112e-02 -1.41378771e+00 -8.50874038e-01 -1.50002770e+00 4.72829453e-01 4.16644051e-01 -3.99083793e-01 9.46574891e-01 -3.64543344e-01 -2.73678754e-02 -1.10465081e+00 1.00499394e+00 -2.56092544e+00 8.07567709e-01 2.88544640e+00
 -8.73300150e-01 3.62559482e-01 -3.29139641e-02 -8.00742376e-02 -1.36249862e+00 -5.40726886e-01 1.03727615e+00 -1.31763676e+00 1.96615769e-01 -1.59967154e+00 2.75518286e-02 4.94481896e-01 7.50989837e-01 -4.69634922e-01 1.60254034e-01 1.33967784e-01 1.58022098e+00 -6.73608049e-01 -2.48143849e-01 -1.12835265e-01 1.76358720e+00 9.39179765e-01 -1.17793535e+00 2.27848018e+00 2.32892951e-01 -2.80131855e-01 -1.73362737e+00 -6.88985559e-01 -1.46667768e-01 -5.02091006e-01 7.69591340e-01 5.71466142e-01 2.17130384e-01 -8.26546622e-01 1.77526341e+00 1.47607132e-01
 -1.61141763e+00 1.07682479e+00 -1.40525248e-01 -1.25711223e-01 4.96186069e-01 1.10340748e+00 -1.76818513e+00 8.18040799e-01 -1.32384066e+00 -1.79372858e-01 -3.41109304e-01 1.79188613e+00 1.59132185e+00 1.73782028e+00 5.22477151e-01 -9.60880152e-02 -1.66241130e+00 1.19597076e+00 -2.00680176e+00 1.26171656e+00 -3.03173868e-01 5.80861241e-01 -1.56795758e+00 6.13402529e-01 1.17652944e+00 7.46457898e-02 -3.75781734e-01 -5.14699288e-01 2.19949492e+00 3.44154409e-01 1.48466238e+00 2.34337616e-01 -9.61447882e-01 -8.36889934e-01 4.80530722e-01 7.83460788e-01
 -3.28108850e-01 8.77298411e-01 -4.34800846e-01 7.18843677e-01 9.73861335e-01 -7.81500370e-01 2.53330848e+00 3.61763522e-01 -8.63346144e-01 -1.09364010e+00 -3.44996071e-01 -8.48955981e-01 -2.15630914e-01 9.61141056e-02 3.58534439e-01 9.24124781e-01 8.63336543e-01 -1.76711066e+00 5.42877891e-01 3.95407148e-01 -7.43471480e-01 -1.69316388e+00 -3.55021426e-03 1.42653118e+00 3.85272850e-01 1.76408149e-03 -1.65701135e-01 -6.73841076e-01 8.56554843e-01 3.69168715e-01 1.11816512e+00 -9.47181939e-01 -1.59156108e+00 -1.34180282e+00 1.45293287e-01 -5.31419741e-01
 7.24113105e-01 2.74287110e-01 -8.91342892e-01 4.47686541e-01 5.85300656e-01 8.04310128e-01 -1.68281974e+00 -3.53874922e-01 -6.83027465e-01 -2.23443729e-01 -1.00331437e+00 3.86961386e-01 1.13506940e+00 5.27736916e-01 -7.73917468e-01 -8.16354028e-01 -1.50177011e-02 8.59222502e-01 7.01574686e-01 -2.61858734e-01 -1.28381836e-01 1.16241293e+00 4.54187472e-01 -7.72993135e-01 1.83884807e+00 5.96691122e-02 8.21489916e-01 -1.06023427e-01 2.03495014e-01 5.83139837e-01 -1.68523531e+00 1.79385445e+00 -6.74997722e-02 2.21597040e+00 1.18849728e-01 -8.54537450e-01
 1.80137821e+00 1.10686623e+00 3.82625690e-02 -1.35580562e+00 -1.58254390e-01 -6.50735292e-01 -1.05984591e-01 -1.93317958e+00 9.39311583e-01 -2.63685882e-01 8.98817164e-01 1.38722706e+00 5.15073346e-01 1.48576029e+00 6.64487748e-01 -8.67402110e-01 2.64158384e+00 7.01769023e-01 1.66355370e-03 -5.45676268e-01 -2.45108981e-01 -2.23021883e+00 1.28403272e+00 2.55616021e-01 -1.47987945e+00 -6.35476768e-03 -7.41969310e-01 6.87676197e-01 6.86211553e-02 7.38287906e-01 7.18989610e-02 -7.06598096e-01 -1.82039349e+00 -1.02050387e+00 5.96804908e-01 6.24312299e-01
 6.99309545e-02 -7.55525309e-01 9.76109011e-02 7.27461372e-01 -1.60729907e+00 1.47704678e+00 1.44107134e+00 -1.97733251e-01 1.13136360e+00 -4.63029759e-02 -3.82965068e-01 -8.37157184e-01 5.36973059e-01 -2.56066269e+00 -2.01059885e+00 1.18543358e+00 2.87443065e+00 -2.00702610e-01 2.21889827e-01 -1.27557935e-01 -1.03191701e+00 7.02071193e-01 1.16564391e-01 -7.22794199e-01 6.74892114e-02 -1.12229341e+00 -5.17513562e-01 1.52691702e+00 1.08018092e+00 7.71594069e-01 -5.02283949e-01 1.28615546e+00 3.49900252e-01 2.42873376e+00 2.95656742e-01 -7.77454653e-01
 5.86937564e-01 -7.42860806e-01 -7.97447549e-02 -9.05293260e-01 1.99585598e+00 6.72130143e-01 8.82596600e-01 7.87805628e-01 2.50976100e-01 -4.91887617e-01 -1.17155913e-01 1.20606588e+00 -6.68857130e-01 -9.55746065e-01 -2.55146447e-01 1.51297508e-01 -2.57272004e-01 7.38080083e-01 -9.85206600e-01 8.50381043e-01 1.42722812e+00 1.31090145e-02 6.28885051e-01 -1.51305007e+00 8.26314434e-01 2.57163119e-01 -2.55188331e-01 1.56548324e+00 1.03929527e+00 1.34167841e+00 5.16328886e-01 3.40630222e-01 -7.78689336e-01 7.93308500e-01 3.19527879e-01 5.68642107e-01
 -4.52702444e-01 2.83571001e+00 3.34398424e-01 -1.61679316e-01 -7.73273426e-01 4.10477858e-01 -1.33092687e-01 2.48526033e-01 -1.18362141e+00 8.02989000e-01 -2.55118855e-01 -9.66067500e-01 -9.22381682e-02 1.47008537e+00 -2.77389397e+00 7.61505927e-01 8.73801365e-02 3.07494302e-01 -4.03992267e-01 2.43816686e-01 -8.07843048e-01 -1.39916747e+00 4.46260388e-01 4.43073103e-01 1.16190350e+00 8.40407641e-01 1.48344540e+00 9.01372959e-01 2.57248438e-01 1.91990663e-02 1.16414080e+00 -3.65463385e-01 2.32958001e-01 -1.02214036e+00 3.63251112e-01 -3.07199364e-01
 1.32068545e+00 9.63371710e-01 1.05010781e+00 -9.29263400e-01 -2.02434356e-02 -3.59158428e-01 -3.41059535e-01 5.97730912e-01 1.08493528e+00 2.97100773e-01 -2.33279862e-01 1.14851245e+00 9.56840116e-01 4.57904244e-01 1.02648316e+00 -5.81106951e-01 4.97532690e-01 2.57197003e-01 -8.74167220e-02 -2.46330772e+00 4.43964807e-02 -1.31897192e+00 4.29991974e-01 -1.85033077e-01 -1.47271706e+00 6.08108893e-01 7.42510239e-01 6.43572311e-01 2.08969304e-01 2.26185262e+00 -1.28845943e+00 3.59735621e-01 -1.78166256e-01 -1.23617507e+00 3.45220902e-01 -4.84966868e-01
 -5.48787325e-01 -3.70913211e-02 6.13238056e-01 8.78413149e-01 -1.77457847e-01 7.28530828e-01 -1.60427452e+00 -1.71939777e+00 -9.18616381e-01 8.24657410e-01 -1.51760761e-01 1.66487438e-01 1.24175773e+00 -8.06448120e-01 1.61626283e+00 -1.07499620e+00 1.17252066e-01 -1.00739500e+00 1.06460257e+00 -6.22802335e-01 -4.77323238e-01 -6.94056159e-01 6.83151279e-01 -5.12664933e-01 -1.28318795e+00 2.42722092e+00 -1.42641905e+00 -2.69866496e-01 1.21483764e+00 -9.80725103e-01 -1.65835509e-01 -9.43067034e-01 7.86635543e-01 6.18358562e-01 -2.25179523e+00 6.61124404e-01
 2.21895723e-01 5.16929900e-01 1.37764134e+00 -2.48057857e+00 1.00530651e+00 2.13803023e+00 1.00739600e+00 -1.06662897e-02 -1.37445582e+00 -1.28417399e+00 5.94529333e-01 -5.48223019e-01 7.09536436e-01 1.17249113e+00 9.68346078e-01 6.16385107e-02 -1.01480385e-01 8.57385750e-01 8.01606201e-01 -1.38741645e-01 1.71806595e+00 9.60926580e-03 -9.72281275e-02 -4.48339450e-01 -9.00049411e-01 -1.32570490e+00 6.80790366e-01 -6.74479843e-01 2.04283299e+00 -1.53982259e+00 -1.10502563e+00 -6.02443338e-01 -1.01038067e+00 -3.60777443e-02 6.53408375e-01 -1.62175203e-03
 -6.58885420e-01 6.02139633e-01 -7.55914667e-01 -5.72224558e-02 4.72966706e-01 -5.20284233e-01 -1.35015767e-01 -6.68624653e-01 3.22683800e-01 4.08286732e-01 9.37462185e-01 2.33398322e+00 -1.79923797e+00 -8.94039218e-02 3.97382061e-01 -3.21308769e-02 5.73628069e-01 -3.49428351e-01 -1.36722100e+00 -3.98769165e-01 -3.47520321e-01 -1.21305220e+00 -2.00567059e-01 -6.41674616e-01 8.63940379e-01 1.38816257e+00 5.87239449e-01 -6.34579388e-01 -1.10835805e+00 -1.07686031e+00 -3.03267346e-01 -9.63610131e-01 -4.85157689e-02 2.54599183e-01 -1.61656978e-01 6.48234555e-01
 6.66152162e-02 7.03291472e-01 -9.80810959e-01 1.44265109e+00 -2.98857581e-01 -6.70292397e-01 -9.08388574e-01 3.96543147e-01 -1.20500732e+00 -4.52336131e-01 -9.99339369e-02 2.53674853e-02 -5.85296671e-01 -9.36974133e-01 -2.53617298e-01 -7.09337786e-01 -2.41806049e+00 2.05495082e-01 8.69741587e-01 -1.41502539e+00 -6.18587144e-01 4.12749328e-01 1.37984788e+00 3.61492373e-01 3.56751185e-01 1.22243791e+00 -3.03665645e-01 1.10916493e+00 1.76647863e-01 -2.18960845e+00 -1.60699301e+00 -1.43028779e+00 -2.55755331e+00 -1.06404767e+00 -1.52293718e-01 -8.59963337e-01
 -1.21138346e-01 7.24670855e-01 1.33663212e+00 5.36258530e-01 -1.41298488e+00 2.14161557e-01 4.32353441e-01 -3.65587112e-01 7.52278603e-01 -1.08172138e+00 1.10742656e+00 -1.44100909e-01 -5.62217310e-01 1.13507011e+00 2.26682171e-01 9.20695457e-02 1.42415332e+00 3.06959961e-01 -1.73846129e+00 4.23876215e-02 -1.63731124e-01 4.05419093e-01 -9.73819390e-02 9.95215042e-01 8.10963377e-01 1.24275191e+00 -1.02413810e+00 6.15167421e-01 1.42638759e-01 1.40078253e+00 5.11291524e-01 1.98536389e+00 3.83326986e-03 7.17780699e-01 3.00480683e-01 2.71885336e+00
 -1.01474701e+00 9.84548150e-01 4.50096830e-01 2.50855442e+00 -1.06673076e-01 1.29387062e+00 5.20334104e-01 -1.95508493e-01 8.92627442e-01 5.04416817e-01 7.22837994e-01 3.47237371e-02 -4.61199855e-01 5.06547855e-01 8.56136020e-01 -1.13364445e+00 1.37070568e+00 -1.26872191e+00 -4.85525549e-03 1.85579723e+00 7.23015669e-01 -9.77055164e-02 -7.80708486e-01 -4.98470574e-01 -2.01188690e-01 3.19588235e-01 4.68049405e-01 -1.60460583e-01 4.31313127e-01 -1.88327029e+00 -1.64224189e+00 -6.52189357e-01 -2.27958143e+00 8.12165450e-01 1.32673989e+00 -1.18535983e+00
 1.68602823e-01 1.14135221e+00 1.71396138e+00 -7.41865377e-01 4.81639542e-01 -4.34077154e-01 4.42168493e-01 1.96529544e+00 -1.53516669e+00 1.24736835e+00 1.61586162e+00 8.40641988e-01 -1.28183450e-01 -3.42894242e-01 -1.72359776e+00 -2.74189234e-01 2.46993021e+00 -2.17342741e+00 -2.71706309e-01 1.95152607e-01 1.90043982e+00 -1.11894590e+00 1.81997205e-01 2.11102434e+00 -1.62286099e-01 9.52191758e-01 -1.55174186e+00 -9.76863256e-02 1.20285807e+00 -5.62379180e-01 -6.10899201e-01 -8.59907922e-01 -2.63778631e-01 -1.76856917e+00 -2.89023261e-01 -8.33920985e-01
 -2.06231106e+00 -3.85571830e-03 6.02049582e-01 -1.39572403e+00 -7.53695881e-01 -8.67957376e-01 -2.28144808e-01 -1.82531670e+00 -1.21163700e+00 -6.26671990e-01 3.23915026e-01 -8.29137612e-01 1.70996017e-01 -1.07373031e-01 -7.30758670e-01 -1.66521201e+00 -1.72589667e+00 -6.90956473e-01 1.28664581e+00 4.37965844e-02 -8.82664291e-01 -4.48313344e-01 -3.25203844e-01 6.11916119e-01 1.67676433e+00 6.21730080e-01 -5.62325523e-01 5.76297057e-01 -8.97583923e-01 -5.50846799e-01 1.88003772e-01 1.84757809e+00 1.22859653e+00 -1.29053601e+00 -6.57755663e-01 6.55874876e-01
 -2.48994286e-01 8.44179316e-02 1.36902473e-01 -1.09285878e+00 1.86588899e+00 -8.59458631e-01 -3.37688683e-01 -6.25791385e-01 1.69535319e+00 1.32992106e+00 -5.30646662e-01 8.76001298e-01 2.63465916e-01 4.31422532e-01 1.05306625e+00 5.53188070e-01 -2.90188047e-01 -3.14132968e-01 -8.78496321e-01 -1.40932848e+00 -2.65453432e-01 1.92276085e+00 6.86407861e-01 7.12507171e-01 -1.63767832e+00 3.32457042e-01 -8.78503355e-01 1.15004550e+00 -1.47953842e+00 4.22644113e-01 3.88284270e-01 -1.84593288e-02 -8.58892555e-01 1.14417695e+00 -1.43501772e+00 -7.23525995e-02
 -6.39024038e-01 -1.61817059e+00 -3.70220182e-01 -2.83447532e-01 -3.34405373e-01 1.18215295e+00 -1.85427096e+00 -5.41210075e-01 7.62281338e-02 -2.80263046e-01 3.52493788e-01 -7.11367285e-01 1.89872418e-01 -6.01931818e-01 5.85512115e-01 -2.25090367e-01 -1.81307941e-01 -1.28425006e+00 -9.83204060e-01 -4.28351680e-01 -7.19020855e-01 6.89916427e-01 -3.39074857e-01 2.71523603e-01 6.60298312e-01 1.75193239e-01 -6.09324449e-01 2.92125551e-01 -2.41734316e-01 1.25565057e+00 -2.28960778e-01 -2.13346670e+00 7.87195205e-01 8.92304733e-01 -1.56210062e+00 -8.83464762e-01
 1.30776005e+00 2.67317253e-01 -1.99924754e-02 5.50055640e-01 9.32668800e-01 1.47930327e+00 -4.42374247e-02 -6.82377948e-01 3.15005154e-01 6.86259902e-02 7.83289369e-01 -7.55972550e-01 1.12789284e+00 -1.42809450e+00 -1.66821133e+00 -1.28217967e-01 -5.51974939e-01 9.76522825e-01 9.81681837e-01 -3.01932869e-01 5.82141472e-01 5.74963046e-01 -1.04391283e+00 -1.76835830e+00 -8.77176428e-01 -5.07191221e-01 2.04860449e-01 -2.10186095e-01 -6.21230484e-01 3.19812817e-01 -1.54847643e-01 -4.44113505e-01 -1.44333615e-01 -1.30088282e-01 -9.62597718e-01 2.62207181e+00
 3.49551723e-01 1.48354752e-01 2.07226132e+00 1.16271594e+00 1.32651824e+00 -1.13408098e+00 -1.23252921e+00 1.36061266e+00 7.34488654e-01 1.35539397e+00 -1.35561077e-01 6.66689974e-01 -1.21377448e+00 -5.09498795e-01 -4.88103768e-01 -1.07344076e+00 -3.41094397e-01 1.09870953e+00 -4.79616525e-01 1.49055907e-01 -2.13333391e+00 -2.02012920e+00 -7.24711506e-01 -1.10978909e+00 -1.53099084e+00 -2.06091032e-01 8.53179232e-01 -1.24107887e+00 8.42095015e-02 9.05292106e-01 -4.04850616e-01 9.82342383e-01 1.89190611e+00 3.94071478e-01 -5.42552330e-02 3.13916278e-01
 3.87832953e-01 4.92906707e-02 7.21718816e-01 -8.80419714e-01 -1.41399009e+00 1.21401525e+00 1.03810177e-01 4.50741101e-01 1.85419916e-01 1.02013274e+00 -3.20077712e-01 2.33554421e-01 -7.46315715e-01 -5.19526722e-01 -3.64322010e-01 7.24172622e-01 -2.66650119e-01 5.88479035e-01 1.34437824e+00 7.59806854e-01 7.38167959e-01 8.16806481e-01 -1.08587884e+00 3.10315813e-01 2.77857469e-01 1.90194515e+00 4.38679780e-02 1.05003962e+00 -6.76951326e-01 3.04769431e-01 -4.44480771e-01 -7.60578001e-01 5.75077909e-01 -1.13187803e-01 1.08616146e+00 1.23473416e-01
 6.39763305e-01 -6.23025351e-01 -9.36597216e-01 6.41963346e-01 -1.35352697e-01 1.60213958e-01 2.36306350e-01 2.07041678e-03 -2.18268524e-01 1.00619531e-01 7.72486365e-02 1.22168194e+00 2.23669469e+00 2.04101218e+00 6.78940164e-01 -1.32710793e-01 5.78934236e-01 1.28210062e+00 1.15168732e+00 -1.23951520e+00 1.58247261e+00 -3.42415519e-01 -5.63752424e-01 7.39069758e-01 8.93893905e-01 -3.99737908e-02 1.15994779e+00 5.78666479e-01 5.39538714e-01 -1.80352936e+00 9.68955813e-01 -1.00916350e+00 5.67554357e-01 -1.80464828e+00 6.29618703e-01 -9.88314961e-01
 -4.03927181e-01 -3.66444319e-01 -1.15357173e-02 -6.76313882e-01 -1.30331607e+00 -1.44774241e-02 -1.42635719e+00 -4.29418096e-01 -8.71889469e-02 4.96414875e-01 -1.08109724e+00 7.77005264e-03 -4.21976993e-01 -1.84984009e-01 -2.58204471e+00 -4.68339297e-01 1.94697477e+00 1.44035620e+00 4.41480765e-01 3.48612750e-01 -5.09141056e-01 -1.90501933e+00 -6.90288927e-01 1.02328836e+00 4.63118745e-01 6.39675008e-01 3.58973901e-01 1.04757568e+00 2.66351762e-01 1.72105273e-01 8.57822828e-01 1.66646121e-01 2.17896730e+00 6.49054072e-01 -2.09393190e-02 5.20239973e-01
 -1.77253893e-01 -8.62251083e-01 7.06158231e-01 -5.66769662e-01 3.79764945e-01 3.08615614e-01 4.41371951e-01 -5.01658644e-01 -1.82691736e+00 -8.48171052e-02 -5.60968362e-02 -1.15876310e+00 -1.98704252e+00 -2.86420311e-01 1.60627863e+00 2.28768932e-01 -8.65914108e-01 1.66385827e+00 -5.91715384e-01 4.39998770e-02 2.28498153e+00 1.63351684e+00 -2.56589610e-01 2.55526148e+00 -5.97995033e-01 -9.20728602e-01 7.54635864e-01 -3.36591921e-02 9.39916909e-01 1.92401749e+00 1.07068201e+00 2.53951820e-01 1.10090628e+00 -1.17904798e+00 5.52316155e-01 1.21402280e+00
 1.00477888e+00 -9.39456324e-01 7.93981195e-01 2.10552872e+00 -1.11781380e+00 1.17457890e+00 -5.34000367e-01 3.35232278e-01 3.34493783e-01 -1.56307485e-01 -1.11789527e-01 -1.51030379e-01 -1.16540845e+00 -1.06481987e-01 9.78052129e-01 7.87411490e-01 2.05519903e-01 -8.56512113e-02 -7.43268729e-01 -4.40024425e-01 2.55216118e-01 -1.15124823e+00 1.40374489e+00 8.90276793e-02 -1.41966054e-01 -9.46420497e-01 -1.80176819e+00 1.79156296e-01 6.92238857e-01 4.15626499e-02 -7.57306310e-01 -8.02983550e-01 -6.10556103e-01 -2.12301102e+00 1.47097506e+00 -1.96765965e+00
 -2.05103573e+00 1.19234545e+00 -5.89040486e-01 9.35303930e-01 -8.06782919e-01 6.55802442e-01 9.08959337e-01 3.70804580e-01 -1.91230847e+00 9.80029945e-01 -1.50670558e-01 1.88199685e+00 6.65594605e-01 -2.99530240e-01 6.32593066e-02 -9.81649250e-01 -1.78159264e+00 -1.74624168e+00 1.72048444e+00 4.64274812e-02 -2.25467392e+00 2.33235703e-01 -1.90924110e-01 1.16778676e+00 1.21251075e+00 5.92284178e-01 9.99044652e-01 9.65911226e-01 1.92003718e+00 1.77162679e+00 8.68926452e-01 -1.50909158e+00 -4.21650747e-01 -2.09549673e+00 -2.44440884e-01 -1.11371893e+00
 -7.79629578e-01 5.85464311e-01 -2.40805128e-01 -3.21570328e-01 -4.46073726e-01 -7.16310974e-01 -4.49264606e-01 2.87860490e-01 7.83784997e-01 -1.84837552e+00 -1.33993127e-01 -2.87007419e-01 5.45417679e-01 8.02788839e-01 8.82163359e-01 2.67243826e-01 -3.65589839e-01 6.26496000e-01 -1.40350785e-01 4.65614045e-01 3.99983776e-01 2.68049232e-01 1.98968946e+00 1.12698096e+00 -7.44639015e-01 5.65646102e-01 -2.12579671e+00 -1.22838731e+00 1.31867360e-01 -1.15557063e+00 -1.81182896e+00 3.95183666e-02 -9.69662232e-01 -4.49264499e-01 2.58551182e+00 3.61710429e-01
 6.27054890e-01 5.95902656e-01 8.47538704e-01 1.68077635e-01 6.81811033e-01 -4.04777678e-01 -1.93983511e-01 -5.14706111e-01 -6.98472009e-01 -1.30795086e+00 -8.00048245e-01 8.99332420e-02 3.12884786e-01 -3.54305357e-01 -4.11513861e-01 -4.81684975e-01 1.18278534e-02 -1.24575652e+00 1.91826687e+00 1.11372793e+00 2.68717685e-01 8.75391849e-01 -1.33826831e+00 3.04359570e-01 -9.48894649e-01 1.20247862e+00 -2.71628702e-01 -7.00707639e-01 1.13810341e+00 -1.13113616e+00 9.05514768e-02 -4.30896222e-01 2.12895339e+00 -2.74741411e-01 -1.31221421e+00 1.52346862e+00
