52.345156
52.182858
52.071589
51.775777
51.575874
51.216031
50.923106
50.723208
50.341922
50.242606
49.992501
49.887691
49.807368
49.682096
49.403928
49.138690
48.883450
48.802506
48.669565
48.542309
48.369322
48.287445
48.134032
48.075544
47.761310
47.584024
47.341858
47.263152
47.183297
46.996183
46.831917
46.650913
46.554971
46.419661
46.321850
46.158393
46.072419
45.976786
45.879267
45.761916
45.675705
45.437019
45.308064
45.249274
45.079977
44.983449
44.899416
44.779789
44.679179
44.643236
44.480201
44.351985
44.196890
44.098578
44.046635
43.901893
43.792517
43.718435
43.578170
43.517018
43.432409
43.313735
43.138923
42.986352
42.885068
42.828307
42.729511
42.654767
42.628732
42.514256
42.364627
42.315853
42.193155
42.115316
42.036050
41.988696
41.864644
41.778174
41.708725
41.499377
41.436230
41.367749
41.286394
41.195779
41.078152
40.943036
40.905573
40.748093
40.630993
40.578919
40.452852
40.342838
40.294676
40.239600
40.140718
40.007103
39.973249
39.855890
39.735097
39.649166
39.630712
39.501128
39.401382
39.321647
39.155627
39.106819
39.064618
38.995746
38.934084
38.834247
38.594601
38.554420
38.437336
38.322632
38.267256
38.193731
38.065756
38.009530
37.940680
37.818018
37.765346
37.703099
37.666124
37.497171
37.296439
37.255673
37.214746
37.126681
37.094368
36.919014
36.860510
36.837137
36.573837
36.530559
36.451983
36.448866
36.361089
36.290268
36.245867
36.169071
36.149244
36.001568
35.846284
35.800586
35.769056
35.740129
35.641228
35.560901
35.430867
35.404421
35.272573
35.235992
35.132929
35.009363
34.955051
34.848006
34.766400
34.705063
34.649718
34.578436
34.500063
34.381483
34.306879
34.275072
34.206745
34.074137
34.039916
33.907197
33.887150
33.763452
33.717434
33.607929
33.498454
33.451712
33.377617
33.344010
33.252769
33.110888
33.076983
33.015053
32.968005
32.875494
32.837760
32.728760
32.627022
32.565936
32.435756
32.404570
32.344505
32.238718
32.180252
32.112430
32.047352
31.913128
31.875592
31.802507
31.724749
31.719193
31.607555
31.575311
31.391489
31.339574
31.232147
31.183383
31.138133
31.043856
30.980385
30.792993
30.772378
30.647233
30.602710
30.512567
30.456334
30.412118
30.305764
30.257432
30.107351
30.081129
30.056715
29.934561
29.849279
29.758858
29.699410
29.681631
29.583841
29.506992
29.405119
29.394866
29.199231
29.150761
29.030779
28.998937
28.943312
28.842114
28.822366
28.763924
28.725501
28.653802
28.574912
28.473775
28.405471
28.326773
28.267512
28.215935
28.164823
28.117182
28.001967
27.903114
27.783962
27.775508
27.739890
27.634855
27.578022
27.535462
27.477108
27.404595
27.338060
27.312150
27.248240
27.114970
27.015666
26.932315
26.900873
26.853018
26.821150
26.723065
26.682934
26.539878
26.426550
26.360373
26.343594
26.278333
26.234223
26.117144
26.084817
26.055945
25.927262
25.766622
25.759207
25.732681
25.645256
25.553762
25.510372
25.425234
25.394577
25.302396
25.251232
25.217419
25.119974
25.058858
25.032181
24.932078
24.816455
24.765543
24.689694
24.565670
24.509096
24.474699
24.388006
24.371919
24.339100
24.240422
24.175875
24.069047
24.024280
23.959303
23.818067
23.775711
23.711124
23.675799
23.597992
23.555716
23.481697
23.395343
23.347389
23.239085
23.204948
23.134607
23.083730
22.991669
22.963141
22.868724
22.705509
22.701427
22.655549
22.554331
22.526643
22.445347
22.417440
22.329006
22.295367
22.248296
22.195658
22.125124
22.020661
21.902752
21.843982
21.804200
21.692901
21.635754
21.606789
21.543029
21.489955
21.451649
21.412329
21.306370
21.225510
21.149736
21.103522
21.045694
20.992776
20.970853
20.916774
20.849210
20.734141
20.657299
20.629233
20.529087
20.375006
20.360010
20.256118
20.224270
20.208699
20.165077
20.082220
20.044120
19.984000
19.894165
19.865281
19.792157
19.770118
19.690100
19.552934
19.484910
19.450632
19.393465
19.369362
19.208768
19.114339
19.049445
19.006997
18.933391
18.863073
18.821602
18.712655
18.632422
18.617389
18.582016
18.496718
18.488601
18.374279
18.333324
18.293609
18.185828
18.120216
18.079655
18.038755
18.029896
17.938424
17.854016
17.754919
17.657665
17.622322
17.532355
17.491990
17.442145
17.400064
17.252406
17.230492
17.183947
17.160663
16.993834
16.942218
16.843798
16.797981
16.753501
16.716197
16.669180
16.509804
16.456164
16.391108
16.383098
16.317772
16.258897
16.242581
16.187306
16.108458
16.032193
15.973490
15.889363
15.862196
15.767773
15.676910
15.649806
15.568782
15.508323
15.368745
15.340101
15.274080
15.216217
15.192161
15.105541
15.034208
14.991592
14.884167
14.815164
14.764001
14.726463
14.594967
14.517122
14.470341
14.388502
14.356682
14.279504
14.247691
14.212934
14.184031
14.111880
14.030996
13.980553
13.917742
13.831872
13.815019
13.714568
13.640461
13.568229
13.503688
13.464332
13.375634
13.330572
13.269356
13.191332
13.135774
13.016730
12.953827
12.884857
12.827221
12.744347
12.704895
12.580928
12.544529
12.432610
12.385268
12.353626
12.303154
12.231842
12.159474
12.005350
11.965394
11.912067
11.865444
11.818918
11.772395
11.616203
11.542625
11.517078
11.492319
11.463228
11.395301
11.236861
11.182124
11.147225
11.019707
10.986150
10.959549
10.902036
10.807794
10.751698
10.719637
10.661746
10.628022
10.485115
10.434204
10.383153
10.312965
10.227688
10.166623
10.112977
10.054124
10.008753
9.932875
9.850298
9.791871
9.771936
9.710336
9.647208
9.573119
9.532761
9.437496
9.362370
9.306358
9.274907
9.222071
9.136374
9.071540
8.962660
8.936983
8.846001
8.812630
8.773964
8.650451
8.643415
8.564521
8.512255
8.441660
8.381143
8.307565
8.230589
8.117769
8.093879
7.966192
7.908448
7.840636
7.819404
7.670006
7.597012
7.533944
7.464994
7.454684
7.352910
7.325942
7.198225
7.121299
7.054415
6.901927
6.881218
6.851962
6.782871
6.665489
6.578797
6.541771
6.471042
6.409644
6.361819
6.266394
6.247862
6.181717
6.078260
5.976473
5.893237
5.851208
5.807388
5.641521
5.532763
5.418285
5.401847
5.256990
5.105007
5.056539
4.961655
4.892387
4.825231
4.612469
4.502215
4.468647
4.405605
4.314036
4.147768
4.084144
4.010259
