26.005225
25.565442
24.768360
24.466482
24.197520
23.903373
23.808782
23.349271
23.205887
22.992815
22.440484
22.363959
22.159298
21.953239
21.824899
21.743284
21.537139
21.343079
21.168592
20.962003
20.681158
20.428060
20.283782
20.190604
20.032294
19.904316
19.693893
19.382566
19.221303
19.130442
19.035616
18.757433
18.523778
18.370025
18.066894
17.998356
17.860123
17.653186
17.605402
17.445592
17.295402
17.091453
16.932271
16.814584
16.704991
16.469635
16.353562
16.197311
15.995713
15.881037
15.677646
15.529080
15.398592
15.116922
14.936900
14.817625
14.667954
14.563445
14.438217
14.350247
14.180920
13.975670
13.807959
13.639313
13.543924
13.482107
13.448656
13.151585
13.047886
12.985949
12.889480
12.624624
12.358124
12.278527
12.120892
12.018785
11.962831
11.785538
11.689156
11.629903
11.516178
11.371796
11.209894
11.135354
10.983211
10.877533
10.786857
10.626209
10.461621
10.438941
10.246858
10.103708
9.973063
9.730502
9.648331
9.539863
9.302763
9.148149
9.023848
9.018240
8.860360
8.819691
8.612484
8.422428
8.277253
8.127021
8.072777
7.908108
7.822204
7.675425
7.523163
7.358149
7.243968
7.161077
7.059998
6.867612
6.798270
6.564515
6.550398
6.344606
6.201619
6.119308
5.989253
5.834879
5.728779
5.576065
5.484264
5.376185
5.166627
4.983314
4.898515
4.813351
4.783402
4.471270
4.254465
4.212421
4.106953
3.997868
3.848461
3.742107
3.560855
3.424648
3.415169
3.133188
3.034058
2.737465
2.695714
2.510494
2.405529
2.150227
