18.336376
16.986675
16.874413
15.832812
15.710371
15.630939
15.456230
14.900137
14.610196
14.412960
14.196267
14.055541
13.949992
13.217181
13.047619
12.856856
12.474550
12.039018
11.834488
11.683025
11.557397
11.318051
11.141922
10.920232
10.733960
10.370790
10.284346
10.152777
9.923439
9.725045
9.362835
9.257841
8.951305
8.893864
8.479218
8.180578
8.102080
8.012071
7.698648
7.578268
7.351248
7.270343
7.117014
6.981534
6.649551
6.469914
6.278036
6.225764
5.948644
5.887135
5.476411
5.325593
5.065297
5.021824
4.786711
4.611450
4.566105
4.307772
4.188325
3.954143
3.757118
3.513873
3.252226
3.004899
2.848547
2.716219
2.578963
2.115535
2.086768
1.882796
1.485674
1.338400
