74.640758
74.173975
73.678192
73.007292
72.895127
72.857749
72.739887
72.523741
72.464206
72.347072
72.300456
72.082386
71.815823
71.616890
71.516057
71.290444
71.232166
71.081080
70.892162
70.846408
70.601283
70.523061
70.372692
70.289408
70.083464
70.044107
69.933373
69.880026
69.653209
69.586733
69.505473
69.143405
69.140710
69.101234
68.903367
68.881208
68.754620
68.738548
68.503923
68.358103
68.291669
68.190441
68.108682
67.867981
67.789811
67.688605
67.612551
67.597479
67.537585
67.504947
67.335325
67.282033
67.049813
67.030230
66.979625
66.929134
66.710849
66.671571
66.588337
66.419269
66.342389
66.299584
66.243747
66.184411
66.029074
66.004080
65.836758
65.764670
65.728355
65.621101
65.426871
65.401342
65.301541
65.150747
65.056986
65.028457
64.997319
64.873213
64.690858
64.668464
64.588564
64.561744
64.442556
64.367148
64.320318
64.246798
64.124683
64.089509
64.008297
63.859856
63.847135
63.770903
63.700748
63.628902
63.593337
63.507018
63.363216
63.346990
63.178481
63.084236
62.998606
62.977661
62.903744
62.848474
62.808612
62.746408
62.650057
62.572651
62.497449
62.396253
62.171287
62.112733
62.090992
62.039535
61.980260
61.908093
61.801751
61.726073
61.684573
61.557658
61.488258
61.461472
61.368911
61.270371
61.225815
61.200509
61.115058
61.041142
60.980649
60.909964
60.843167
60.739056
60.622519
60.590407
60.531292
60.429239
60.368704
60.316958
60.227905
60.147414
60.076934
59.930061
59.891897
59.791158
59.747171
59.681656
59.584563
59.537741
59.500086
59.412571
59.398280
59.360148
59.264622
59.060219
59.000689
58.969771
58.941431
58.886074
58.752226
58.730205
58.655618
58.547350
58.522200
58.395102
58.340304
58.255341
58.177287
58.132351
58.088778
58.014844
57.975945
57.919380
57.874826
57.796128
57.706318
57.620680
57.569020
57.530441
57.482946
57.443745
57.309816
57.237399
57.229790
57.145886
57.105996
57.023610
56.924829
56.839664
56.793597
56.728400
56.698960
56.608327
56.520777
56.480290
56.449781
56.405711
56.247577
56.209291
56.075555
56.051707
56.010325
55.955607
55.889253
55.825433
55.719757
55.705429
55.596121
55.585887
55.487119
55.422371
55.355698
55.286922
55.199785
55.174218
55.113170
55.088247
54.967361
54.912039
54.875254
54.742441
54.701837
54.657883
54.540078
54.513514
54.479289
54.468718
54.295262
54.271203
54.194516
54.145447
53.998581
53.963569
53.914827
53.830174
53.752837
53.719934
53.697346
53.670523
53.644713
53.554967
53.479344
53.440067
53.377627
53.262961
53.194871
53.168146
53.084221
53.064197
52.969475
52.943170
52.886815
52.794557
52.715683
52.662102
52.638386
52.594054
52.473199
52.411522
52.363127
52.278499
52.204999
52.171040
52.084976
52.039982
51.994718
51.953140
51.858812
51.814274
51.776939
51.720802
51.645688
51.618909
51.493484
51.434214
51.408017
51.370103
51.352763
51.248964
51.235455
51.128987
51.101172
51.062776
51.025919
50.895258
50.875131
50.806829
50.758130
50.635779
50.588832
50.562257
50.499847
50.447102
50.403647
50.362756
50.290496
50.242802
50.136774
50.117803
49.993697
49.964892
49.888405
49.863240
49.805425
49.794159
49.681892
49.619545
49.596587
49.468069
49.401080
49.394671
49.371351
49.330742
49.279297
49.237589
49.120353
49.117266
49.007067
48.921755
48.892960
48.860860
48.802657
48.746100
48.670209
48.630404
48.614335
48.549802
48.543643
48.448193
48.406942
48.331210
48.279576
48.265186
48.174624
48.118651
48.040622
48.008369
47.987286
47.909394
47.866951
47.761656
47.723224
47.677925
47.578590
47.522251
47.457746
47.456784
47.396478
47.327886
47.301880
47.267895
47.198628
47.157408
47.040618
46.954727
46.933861
46.880017
46.851982
46.801712
46.735151
46.671310
46.621106
46.565021
46.497666
46.486533
46.414816
46.314900
46.283412
46.255833
46.223238
46.157197
46.105898
46.065961
45.966801
45.937671
45.910127
45.879247
45.810891
45.702459
45.626338
45.606734
45.524887
45.516682
45.449896
45.414801
45.391454
45.289015
45.277524
45.227662
45.182287
45.113334
45.038077
44.968742
44.901452
44.861471
44.800908
44.769966
44.741850
44.681081
44.599924
44.512995
44.462638
44.440022
44.379637
44.345436
44.286796
44.224270
44.195449
44.142289
44.118906
44.089938
44.043804
43.997208
43.913748
43.848597
43.839638
43.797911
43.677547
43.616585
43.547186
43.516347
43.460647
43.393578
43.352656
43.328230
43.252030
43.214744
43.178360
43.074485
43.040028
43.027365
42.952727
42.922353
42.892967
42.799813
42.774536
42.696711
42.672796
42.610237
42.571736
42.502201
42.408032
42.384775
42.304000
42.236161
42.172697
42.146172
42.134740
42.023994
41.948554
41.916799
41.870434
41.840020
41.811114
41.770653
41.744853
41.688146
41.664863
41.612902
41.566497
41.502716
41.442667
41.308706
41.256284
41.206201
41.174418
41.142820
41.071239
41.006432
40.926559
40.900287
40.872006
40.829767
40.788713
40.759984
40.682567
40.623338
40.585946
40.486541
40.449054
40.369129
40.349644
40.298345
40.266128
40.172004
40.159861
40.073242
40.027079
39.971071
39.913628
39.838428
39.806230
39.749651
39.735674
39.661899
39.645165
39.576698
39.521049
39.462768
39.445946
39.382053
39.338254
39.291823
39.219444
39.206677
39.120805
39.082600
39.009235
38.983615
38.935975
38.869781
38.838698
38.807232
38.673328
38.610838
38.584035
38.563001
38.502904
38.453972
38.432144
38.410102
38.318990
38.224135
38.214527
38.188215
38.149398
38.093251
38.065004
37.976654
37.931321
37.873801
37.847082
37.809950
37.759236
37.657657
37.610991
37.549038
37.526909
37.505039
37.413431
37.326206
37.307327
37.278839
37.251460
37.205390
37.190578
37.075543
37.069427
37.024902
36.973108
36.886057
36.851625
36.819541
36.759176
36.725789
36.633102
36.614304
36.519649
36.505185
36.432636
36.397077
36.277622
36.266045
36.235773
36.209503
36.165395
36.127421
36.083957
36.005018
35.983781
35.897483
35.843687
35.757316
35.745655
35.682098
35.622051
35.596485
35.578769
35.545409
35.432416
35.399988
35.363688
35.357822
35.274523
35.240925
35.186294
35.123831
35.086020
35.018758
34.993464
34.968697
34.908535
34.872470
34.813742
34.782469
34.686005
34.611446
34.572557
34.548130
34.478251
34.419420
34.392599
34.359538
34.286885
34.270021
34.188564
34.176705
34.101619
34.050403
33.979482
33.948299
33.856057
33.828352
33.786263
33.719661
33.702058
33.655459
33.603076
33.586649
33.487968
33.457588
33.419582
33.401325
33.352536
33.313134
33.252287
33.204465
33.189436
33.162491
33.102288
33.086669
32.996757
32.945397
32.868209
32.853781
32.822375
32.762444
32.703231
32.660831
32.614673
32.555168
32.534403
32.486702
32.436474
32.348436
32.334711
32.267522
32.256684
32.141759
32.122893
32.108318
32.022804
31.991887
31.921199
31.885524
31.857044
31.831141
31.796663
31.739524
31.670549
31.639813
31.610838
31.580018
31.541398
31.433764
31.421864
31.368191
31.311774
31.237079
31.195116
31.178974
31.165712
31.073702
31.054188
31.041656
30.966065
30.924409
30.902110
30.759449
30.743686
30.699912
30.657738
30.600266
30.529588
30.455567
30.416938
30.394378
30.363819
30.292367
30.259599
30.225129
30.190548
30.083351
30.027764
30.003689
29.973870
29.927586
29.870079
29.795585
29.730657
29.716397
29.681526
29.646457
29.577986
29.539197
29.529195
29.447689
29.406797
29.351322
29.309529
29.267232
29.222819
29.169476
29.108113
29.095161
29.045522
28.986700
28.955914
28.867841
28.852531
28.783667
28.716050
28.674335
28.644551
28.615757
28.567636
28.545105
28.505163
28.472142
28.402983
28.338503
28.313604
28.269789
28.242020
28.186185
28.154640
28.060053
28.021897
27.975697
27.945384
27.902575
27.869854
27.854956
27.779953
27.759875
27.686184
27.657424
27.616123
27.558393
27.521585
27.455709
27.394464
27.378584
27.343963
27.295248
27.223450
27.180421
27.162646
27.067066
27.059534
26.958254
26.933305
26.887818
26.843011
26.752341
26.703109
26.650896
26.628360
26.571442
26.513337
26.497969
26.461251
26.425474
26.363673
26.321507
26.265658
26.245671
26.206085
26.138570
26.120239
26.099026
26.033111
26.008342
25.953875
25.889947
25.845421
25.815621
25.776719
25.733123
25.695283
25.654808
25.612429
25.530743
25.492670
25.476315
25.421257
25.344085
25.289342
25.273825
25.221339
25.148575
25.121917
25.072709
25.024131
24.998530
24.971034
24.875866
24.842381
24.808654
24.766160
24.729911
24.672493
24.655322
24.515738
24.508638
24.474667
24.418386
24.324734
24.311359
24.294436
24.240176
24.193074
24.109415
24.085937
24.048183
23.978327
23.950022
23.924059
23.869072
23.818582
23.735360
23.690614
23.660447
23.622161
23.574543
23.532522
23.470545
23.442289
23.384728
23.355680
23.327851
23.308365
23.295767
23.222041
23.150951
23.122731
23.112948
23.061525
22.993557
22.954090
22.923188
22.862937
22.855726
22.796458
22.762128
22.699968
22.652888
22.579713
22.526633
22.483052
22.413047
22.388220
22.358888
22.314016
22.256763
22.246062
22.174277
22.129257
22.076620
22.072645
22.034781
21.976504
21.962448
21.914360
21.842936
21.768021
21.714900
21.631403
21.592458
21.554648
21.527503
21.477610
21.447358
21.384281
21.353916
21.334825
21.255151
21.155085
21.133409
21.077632
21.049617
21.028753
21.016176
20.912860
20.882716
20.846681
20.795143
20.713533
20.681246
20.637589
20.606142
20.544817
20.498788
20.454591
20.439102
20.397865
20.356467
20.256930
20.218747
20.206962
20.137095
20.089543
20.076092
20.019023
19.999004
19.963188
19.931105
19.850886
19.787518
19.725786
19.670364
19.658319
19.632397
19.617297
19.556173
19.496842
19.460617
19.434395
19.409374
19.330271
19.313055
19.218508
19.183860
19.165958
19.060448
19.026376
18.939553
18.873553
18.869341
18.822909
18.802379
18.772177
18.732345
18.695281
18.617203
18.581124
18.563063
18.519814
18.480388
18.411514
18.350913
18.307472
18.285970
18.262759
18.170849
18.112109
18.096871
18.083962
17.981836
17.974631
17.915626
17.903900
17.821649
17.773411
17.750588
17.666232
17.643598
17.582373
17.490608
17.477582
17.425343
17.397606
17.362813
17.297212
17.247198
17.237643
17.204241
17.117362
17.087254
17.051353
17.019661
16.945195
16.903810
16.877632
16.858148
16.768577
16.733483
16.699058
16.636888
16.571605
16.508714
16.480045
16.438039
16.415604
16.349145
16.302805
16.288643
16.213847
16.196468
16.154856
16.114141
16.072845
16.037389
15.984581
15.897589
15.861058
15.823489
15.756640
15.739414
15.673842
15.635058
15.600988
15.547243
15.541183
15.452869
15.423386
15.350633
15.325065
15.296031
15.262345
15.187913
15.134202
15.114975
15.075714
14.997658
14.960994
14.917629
14.870527
14.793214
14.726964
14.684880
14.677974
14.560312
14.556244
14.534897
14.472005
14.385092
14.373160
14.323634
14.238266
14.225596
14.201676
14.137483
14.128746
14.070909
14.027390
13.984182
13.905301
13.866081
13.819104
13.766819
13.736637
13.668904
13.635500
13.600350
13.572475
13.494577
13.448315
13.418649
13.334549
13.287488
13.236601
13.190855
13.158848
13.102594
13.047518
13.043157
13.013870
12.934341
12.881727
12.852114
12.805952
12.788757
12.725811
12.622628
12.567704
12.525459
12.492396
12.450841
12.382999
12.356418
12.297546
12.266979
12.215927
12.165055
12.148279
12.080160
12.034394
11.965712
11.903614
11.877133
11.787437
11.738681
11.697238
11.648482
11.588387
11.575015
11.534579
11.520371
11.447604
11.394178
11.351857
11.333915
11.277747
11.212211
11.200459
11.160542
11.084843
11.035656
10.985223
10.934618
10.869886
10.805170
10.789543
10.738292
10.703418
10.661788
10.611272
10.548103
10.531182
10.447399
10.415583
10.319402
10.300783
10.242320
10.186495
10.184018
10.111607
10.064281
9.950626
9.936218
9.860336
9.790518
9.772551
9.748492
9.677452
9.633258
9.613407
9.523339
9.452694
9.418422
9.411307
9.343043
9.323121
9.226862
9.196771
9.130819
9.052596
9.009789
8.973784
8.866112
8.776762
8.772224
8.728812
8.658193
8.628739
8.571584
8.504663
8.442999
8.417082
8.359679
8.324598
8.259796
8.205532
8.175362
8.134281
8.058717
8.017124
7.959165
7.893458
7.781834
7.694213
7.686830
7.603253
7.539376
7.513283
7.480547
7.395919
7.311412
7.280523
7.273668
7.138671
7.051620
6.948900
6.906440
6.879512
6.829854
6.778193
6.712612
6.565988
6.502774
6.429934
6.389748
6.294920
6.201404
6.109315
6.101195
5.962688
5.860596
5.783008
5.575104
