20.263036
20.087007
19.867595
18.917131
18.806728
18.624336
18.253968
17.869652
17.446131
17.365491
17.259143
17.048917
16.838258
16.801997
16.243311
16.051700
15.849994
15.568031
15.229506
15.084845
14.799870
14.497722
14.385158
14.272976
14.130574
13.712255
13.583771
13.427010
13.175394
12.842202
12.709474
12.639074
12.416690
12.175271
12.096429
11.975113
11.689272
11.667389
11.335333
11.272641
11.064885
10.650501
10.612812
10.415676
10.224938
10.044911
9.979584
9.674927
9.571486
9.310830
8.907575
8.812199
8.776875
8.657312
8.420775
8.360340
8.238808
8.046140
7.943397
7.808410
7.535902
7.456374
7.371091
7.082525
6.837628
6.790178
6.688202
6.406556
6.245764
6.170524
5.983330
5.788661
5.698644
5.432836
5.388389
5.167551
4.909275
4.848869
4.729384
4.520819
4.371005
4.199616
3.923083
3.813682
3.657234
3.544363
3.496864
3.281024
3.138622
3.045157
2.888932
2.707365
2.388842
2.079721
1.984395
1.585165
