23.425174
22.678096
22.448016
21.816629
21.500269
21.127707
20.604432
20.017313
19.883945
19.757952
19.636785
19.460346
19.340050
19.011682
18.654254
18.515840
18.353155
18.179980
18.085167
17.793709
17.751080
17.642860
17.358495
17.041593
16.858055
16.509117
16.445299
16.204162
16.065881
15.972312
15.773039
15.552061
15.364681
15.124187
14.799633
14.724630
14.599491
14.524310
14.346035
13.940339
13.738336
13.579103
13.438682
13.226355
13.205786
12.971925
12.802971
12.788231
12.691631
12.468390
12.374546
12.199206
11.849879
11.706334
11.626430
11.494708
11.442920
11.165595
11.060778
11.028122
10.844426
10.746136
10.432085
10.369197
10.083734
9.822460
9.792006
9.591917
9.472089
9.295919
9.232451
9.108227
9.053445
8.878333
8.786950
8.593840
8.410758
8.300515
8.093300
7.865108
7.821884
7.647064
7.566149
7.383859
7.213164
7.131223
7.112668
6.967887
6.916423
6.591647
6.474917
6.223339
6.084175
5.856331
5.821733
5.619340
5.508968
5.345178
5.261194
5.079210
4.982285
4.791244
4.605990
4.557266
4.389722
4.305957
4.122012
3.882679
3.832607
3.672368
3.539398
3.469409
3.398999
3.104400
2.927155
2.729010
2.452393
2.353778
2.118713
1.955464
