36.545301
36.248712
36.011301
35.869441
35.576850
35.379336
34.924781
34.720624
34.630285
34.573326
34.327094
34.152959
34.009811
33.835542
33.493456
33.140735
32.840298
32.772759
32.548447
32.503957
32.160839
32.009335
31.827928
31.736337
31.476302
31.297256
31.194991
31.099118
30.853725
30.795888
30.647465
30.498697
30.381051
30.102454
30.031308
29.987998
29.714097
29.593847
29.423001
29.390989
29.326596
29.221972
29.033171
28.727118
28.651614
28.351189
28.286404
28.200802
28.090395
27.995479
27.684508
27.623648
27.532006
27.420492
27.378824
27.226948
27.003220
26.983940
26.761179
26.665851
26.540281
26.522047
26.432838
26.355310
26.164491
25.991099
25.781015
25.773674
25.672388
25.566956
25.475095
25.422804
25.254070
25.081468
24.955979
24.720782
24.632100
24.549588
24.476891
24.319559
24.272633
24.223296
24.165817
24.037371
23.960796
23.776372
23.705887
23.594371
23.468724
23.345156
23.282364
23.090684
22.975449
22.830113
22.799644
22.701796
22.558636
22.470374
22.390210
22.252960
22.082468
22.058687
21.987157
21.774979
21.741668
21.669114
21.477847
21.328727
21.274432
21.257688
21.123170
21.044331
20.932114
20.869094
20.742701
20.515348
20.493081
20.425969
20.357947
20.271372
20.163438
19.955651
19.843956
19.685480
19.637982
19.523578
19.468997
19.296410
19.242405
19.105221
19.092973
18.950335
18.890470
18.810846
18.728620
18.661202
18.591460
18.450367
18.377489
18.275812
18.172716
17.994039
17.957090
17.831920
17.776972
17.707971
17.580699
17.473109
17.332270
17.266488
17.178710
17.028456
16.909879
16.822267
16.762610
16.678591
16.608035
16.580211
16.484144
16.413194
16.164404
16.050040
16.024203
15.903657
15.804719
15.688970
15.655985
15.535322
15.459157
15.401066
15.295047
15.260311
15.113860
15.017529
14.998600
14.845000
14.761457
14.687696
14.558977
14.532831
14.337530
14.241309
14.134955
14.052641
13.971114
13.850035
13.731862
13.729388
13.636305
13.552546
13.466307
13.311540
13.277327
13.147924
13.112890
12.946931
12.859010
12.796370
12.683932
12.652498
12.477012
12.406375
12.257872
12.206161
12.112818
12.016525
11.992335
11.784814
11.762582
11.680969
11.452870
11.416229
11.349023
11.295974
11.257762
11.084138
10.983247
10.927372
10.881704
10.779735
10.585524
10.527542
10.452767
10.417801
10.290059
10.212443
10.181454
10.100385
9.967470
9.915654
9.866479
9.757126
9.588897
9.470842
9.396533
9.207823
9.115335
9.072484
8.995457
8.949891
8.790019
8.710134
8.660974
8.577377
8.492779
8.389590
8.338369
8.238057
8.083320
8.044233
7.920213
7.824449
7.694487
7.625228
7.543720
7.441521
7.291735
7.216429
7.097114
7.016376
6.975212
6.953794
6.849898
6.632435
6.501178
6.431265
6.316456
6.241062
6.132080
6.087829
6.049615
5.975509
5.888503
5.801380
5.772140
5.636810
5.541199
5.392905
5.221022
5.173376
5.116566
4.966460
4.863940
4.762255
4.659014
4.433873
4.299318
4.212515
4.164462
4.110710
4.005063
3.919240
3.767762
3.630156
3.575617
3.266934
3.096715
3.077056
2.889747
2.764728
