23.425173
22.678087
22.448023
21.816624
21.500261
21.127705
20.604425
20.017307
19.883928
19.757954
19.636780
19.460339
19.340042
19.011681
18.654249
18.515829
18.353146
18.179987
18.085173
17.793701
17.751074
17.642860
17.358484
17.041592
16.858047
16.509113
16.445292
16.204163
16.065884
15.972312
15.773035
15.552055
15.364669
15.124186
14.799628
14.724631
14.599483
14.524306
14.346041
13.940338
13.738334
13.579107
13.438681
13.226356
13.205786
12.971924
12.802964
12.788218
12.691630
12.468390
12.374539
12.199201
11.849881
11.706330
11.626422
11.494703
11.442920
11.165588
11.060778
11.028113
10.844419
10.746133
10.432087
10.369193
10.083733
9.822453
9.792004
9.591916
9.472089
9.295921
9.232444
9.108218
9.053441
8.878335
8.786949
8.593833
8.410756
8.300513
8.093301
7.865105
7.821879
7.647063
7.566150
7.383853
7.213163
7.131220
7.112664
6.967890
6.916422
6.591643
6.474912
6.223336
6.084169
5.856328
5.821734
5.619339
5.508965
5.345175
5.261194
5.079208
4.982281
4.791245
4.605988
4.557265
4.389719
4.305956
4.122011
3.882679
3.832605
3.672369
3.539398
3.469409
3.398999
3.104400
2.927154
2.729008
2.452392
2.353777
2.118713
1.955462
