20.263029
20.087013
19.867584
18.917124
18.806726
18.624342
18.253952
17.869646
17.446129
17.365484
17.259136
17.048908
16.838253
16.801998
16.243305
16.051693
15.849984
15.568028
15.229505
15.084843
14.799872
14.497713
14.385155
14.272971
14.130567
13.712243
13.583768
13.427001
13.175386
12.842196
12.709471
12.639071
12.416687
12.175266
12.096426
11.975112
11.689266
11.667384
11.335326
11.272638
11.064883
10.650496
10.612808
10.415669
10.224939
10.044911
9.979584
9.674924
9.571486
9.310829
8.907575
8.812194
8.776873
8.657310
8.420770
8.360336
8.238809
8.046139
7.943396
7.808405
7.535903
7.456372
7.371089
7.082521
6.837626
6.790177
6.688198
6.406552
6.245758
6.170522
5.983326
5.788661
5.698642
5.432834
5.388386
5.167551
4.909272
4.848868
4.729382
4.520817
4.371002
4.199615
3.923083
3.813681
3.657232
3.544361
3.496863
3.281022
3.138620
3.045157
2.888930
2.707363
2.388841
2.079721
1.984395
1.585165
