26.005209
25.565441
24.768356
24.466486
24.197523
23.903362
23.808767
23.349258
23.205885
22.992813
22.440462
22.363953
22.159286
21.953220
21.824871
21.743279
21.537125
21.343071
21.168581
20.961977
20.681141
20.428047
20.283772
20.190588
20.032278
19.904305
19.693892
19.382544
19.221291
19.130430
19.035612
18.757431
18.523766
18.370008
18.066883
17.998344
17.860126
17.653185
17.605391
17.445589
17.295387
17.091448
16.932270
16.814571
16.704979
16.469625
16.353550
16.197311
15.995712
15.881018
15.677639
15.529067
15.398579
15.116916
14.936893
14.817620
14.667944
14.563436
14.438212
14.350231
14.180915
13.975666
13.807951
13.639313
13.543914
13.482100
13.448638
13.151577
13.047879
12.985940
12.889473
12.624615
12.358109
12.278522
12.120891
12.018782
11.962827
11.785529
11.689148
11.629902
11.516170
11.371793
11.209878
11.135346
10.983212
10.877533
10.786846
10.626206
10.461624
10.438940
10.246851
10.103701
9.973060
9.730495
9.648329
9.539862
9.302757
9.148145
9.023840
9.018236
8.860356
8.819688
8.612477
8.422428
8.277247
8.127017
8.072774
7.908103
7.822199
7.675417
7.523157
7.358143
7.243964
7.161071
7.059992
6.867609
6.798271
6.564514
6.550395
6.344604
6.201616
6.119308
5.989252
5.834876
5.728775
5.576065
5.484266
5.376185
5.166626
4.983310
4.898510
4.813348
4.783401
4.471267
4.254460
4.212417
4.106952
3.997866
3.848457
3.742105
3.560853
3.424647
3.415167
3.133187
3.034058
2.737463
2.695714
2.510491
2.405528
2.150228
