18.336369
16.986670
16.874411
15.832804
15.710361
15.630935
15.456226
14.900124
14.610184
14.412947
14.196262
14.055535
13.949989
13.217175
13.047619
12.856853
12.474546
12.039012
11.834480
11.683017
11.557394
11.318043
11.141922
10.920231
10.733956
10.370789
10.284347
10.152780
9.923432
9.725040
9.362836
9.257839
8.951303
8.893860
8.479218
8.180574
8.102079
8.012074
7.698645
7.578268
7.351247
7.270341
7.117010
6.981531
6.649547
6.469913
6.278036
6.225760
5.948643
5.887133
5.476406
5.325593
5.065296
5.021823
4.786712
4.611447
4.566101
4.307772
4.188323
3.954141
3.757117
3.513871
3.252224
3.004899
2.848546
2.716220
2.578963
2.115534
2.086767
1.882796
1.485674
1.338399
