26.005161
25.565336
24.768276
24.466408
24.197409
23.903254
23.808702
23.349144
23.205780
22.992708
22.440382
22.363855
22.159174
21.953127
21.824778
21.743151
21.537037
21.342953
21.168472
20.961864
20.681055
20.427933
20.283663
20.190472
20.032190
19.904238
19.693768
19.382446
19.221176
19.130316
19.035496
18.757311
18.523666
18.369923
18.066788
17.998243
17.859983
17.653067
17.605291
17.445494
17.295301
17.091354
16.932150
16.814476
16.704901
16.469526
16.353458
16.197210
15.995622
15.880956
15.677547
15.528974
15.398497
15.116836
14.936822
14.817552
14.667857
14.563356
14.438133
14.350152
14.180838
13.975583
13.807885
13.639234
13.543837
13.482012
13.448563
13.151505
13.047811
12.985865
12.889390
12.624540
12.358044
12.278460
12.120810
12.018717
11.962740
11.785454
11.689076
11.629819
11.516087
11.371715
11.209809
11.135279
10.983145
10.877450
10.786795
10.626149
10.461556
10.438886
10.246805
10.103637
9.972994
9.730442
9.648273
9.539798
9.302706
9.148097
9.023792
9.018182
8.860302
8.819637
8.612434
8.422375
8.277202
8.126966
8.072724
7.908062
7.822162
7.675368
7.523115
7.358106
7.243924
7.161036
7.059951
6.867571
6.798227
6.564475
6.550354
6.344566
6.201581
6.119275
5.989211
5.834840
5.728748
5.576033
5.484236
5.376153
5.166594
4.983288
4.898482
4.813322
4.783372
4.471246
4.254436
4.212393
4.106927
3.997841
3.848438
3.742085
3.560833
3.424628
3.415150
3.133170
3.034040
2.737453
2.695700
2.510480
2.405517
2.150217
