18.336351
16.986645
16.874378
15.832767
15.710341
15.630898
15.456193
14.900101
14.610164
14.412925
14.196240
14.055514
13.949950
13.217148
13.047582
12.856822
12.474509
12.038976
11.834441
11.682988
11.557361
11.318017
11.141886
10.920195
10.733929
10.370754
10.284304
10.152742
9.923403
9.725018
9.362806
9.257816
8.951278
8.893840
8.479190
8.180543
8.102050
8.012046
7.698617
7.578247
7.351228
7.270322
7.116986
6.981511
6.649526
6.469891
6.278013
6.225738
5.948631
5.887116
5.476389
5.325578
5.065286
5.021809
4.786695
4.611434
4.566091
4.307758
4.188309
3.954132
3.757104
3.513860
3.252217
3.004887
2.848538
2.716209
2.578954
2.115528
2.086761
1.882791
1.485671
1.338397
