23.425095
22.678024
22.447947
21.816551
21.500200
21.127615
20.604357
20.017233
19.883846
19.757898
19.636715
19.460268
19.339979
19.011621
18.654165
18.515747
18.353065
18.179913
18.085085
17.793636
17.751003
17.642782
17.358410
17.041517
16.857986
16.509058
16.445240
16.204103
16.065821
15.972246
15.772973
15.551988
15.364610
15.124130
14.799571
14.724558
14.599428
14.524248
14.345955
13.940289
13.738273
13.579026
13.438618
13.226302
13.205727
12.971847
12.802912
12.788168
12.691566
12.468324
12.374480
12.199151
11.849824
11.706273
11.626375
11.494650
11.442859
11.165529
11.060720
11.028054
10.844377
10.746074
10.432027
10.369142
10.083678
9.822407
9.791954
9.591871
9.472039
9.295869
9.232401
9.108185
9.053406
8.878282
8.786900
8.593796
8.410711
8.300470
8.093263
7.865063
7.821839
7.647026
7.566109
7.383822
7.213130
7.131186
7.112636
6.967853
6.916386
6.591613
6.474883
6.223305
6.084146
5.856303
5.821703
5.619313
5.508939
5.345151
5.261160
5.079181
4.982259
4.791219
4.605966
4.557240
4.389698
4.305935
4.121990
3.882659
3.832588
3.672352
3.539382
3.469392
3.398984
3.104386
2.927141
2.728998
2.452381
2.353769
2.118705
1.955456
