20.262966
20.086967
19.867527
18.917067
18.806669
18.624271
18.253908
17.869587
17.446081
17.365440
17.259100
17.048861
16.838215
16.801954
16.243250
16.051643
15.849936
15.567990
15.229465
15.084797
14.799826
14.497669
14.385110
14.272923
14.130527
13.712204
13.583722
13.426950
13.175353
12.842167
12.709421
12.639030
12.416643
12.175225
12.096389
11.975064
11.689220
11.667348
11.335285
11.272597
11.064847
10.650463
10.612765
10.415639
10.224891
10.044870
9.979547
9.674888
9.571446
9.310794
8.907536
8.812161
8.776838
8.657272
8.420736
8.360304
8.238770
8.046107
7.943357
7.808381
7.535873
7.456341
7.371059
7.082489
6.837598
6.790151
6.688171
6.406531
6.245738
6.170497
5.983305
5.788633
5.698620
5.432815
5.388366
5.167532
4.909254
4.848848
4.729365
4.520801
4.370987
4.199603
3.923068
3.813668
3.657221
3.544348
3.496851
3.281010
3.138609
3.045143
2.888918
2.707353
2.388832
2.079713
1.984389
1.585160
