18.336327
16.986629
16.874384
15.832773
15.710328
15.630893
15.456182
14.900096
14.610153
14.412920
14.196224
14.055508
13.949956
13.217133
13.047578
12.856826
12.474525
12.038995
11.834453
11.682993
11.557360
11.318028
11.141884
10.920195
10.733923
10.370756
10.284313
10.152747
9.923407
9.725009
9.362814
9.257811
8.951283
8.893839
8.479191
8.180556
8.102050
8.012045
7.698624
7.578237
7.351227
7.270326
7.116990
6.981507
6.649528
6.469896
6.278020
6.225743
5.948623
5.887114
5.476393
5.325574
5.065278
5.021808
4.786696
4.611437
4.566091
4.307759
4.188313
3.954132
3.757107
3.513861
3.252216
3.004890
2.848538
2.716210
2.578957
2.115530
2.086762
1.882793
1.485670
1.338397
