23.425110
22.678013
22.447927
21.816553
21.500183
21.127628
20.604368
20.017241
19.883860
19.757862
19.636709
19.460260
19.339970
19.011600
18.654144
18.515753
18.353062
18.179897
18.085089
17.793617
17.750984
17.642763
17.358419
17.041502
16.857971
16.509022
16.445206
16.204071
16.065805
15.972230
15.772970
15.551970
15.364606
15.124102
14.799548
14.724559
14.599420
14.524229
14.345960
13.940274
13.738281
13.579024
13.438616
13.226299
13.205724
12.971844
12.802909
12.788173
12.691559
12.468321
12.374492
12.199136
11.849811
11.706271
11.626378
11.494641
11.442865
11.165526
11.060718
11.028054
10.844367
10.746080
10.432036
10.369143
10.083687
9.822411
9.791953
9.591865
9.472039
9.295878
9.232392
9.108173
9.053394
8.878284
8.786901
8.593796
8.410711
8.300469
8.093258
7.865066
7.821845
7.647021
7.566106
7.383818
7.213132
7.131189
7.112628
6.967851
6.916383
6.591608
6.474884
6.223309
6.084141
5.856297
5.821699
5.619313
5.508940
5.345149
5.261165
5.079184
4.982257
4.791219
4.605967
4.557246
4.389697
4.305934
4.121985
3.882658
3.832587
3.672347
3.539384
3.469389
3.398983
3.104386
2.927143
2.728998
2.452382
2.353767
2.118705
1.955455
