20.262966
20.086952
19.867537
18.917072
18.806664
18.624273
18.253902
17.869604
17.446070
17.365446
17.259073
17.048866
16.838194
16.801941
16.243246
16.051634
15.849933
15.567955
15.229438
15.084782
14.799819
14.497668
14.385098
14.272917
14.130523
13.712195
13.583715
13.426963
13.175335
12.842165
12.709425
12.638997
12.416639
12.175223
12.096395
11.975075
11.689219
11.667331
11.335282
11.272593
11.064835
10.650457
10.612764
10.415637
10.224898
10.044866
9.979546
9.674882
9.571440
9.310786
8.907534
8.812155
8.776838
8.657269
8.420743
8.360297
8.238770
8.046103
7.943364
7.808383
7.535866
7.456336
7.371056
7.082496
6.837596
6.790149
6.688172
6.406528
6.245738
6.170492
5.983302
5.788638
5.698617
5.432813
5.388366
5.167526
4.909255
4.848847
4.729365
4.520803
4.370988
4.199600
3.923068
3.813670
3.657220
3.544351
3.496849
3.281010
3.138610
3.045146
2.888921
2.707358
2.388832
2.079713
1.984389
1.585160
