26.005100
25.565357
24.768259
24.466356
24.197424
23.903246
23.808661
23.349140
23.205784
22.992712
22.440372
22.363834
22.159176
21.953135
21.824804
21.743181
21.537024
21.342934
21.168486
20.961899
20.681025
20.427933
20.283667
20.190483
20.032179
19.904203
19.693792
19.382462
19.221182
19.130337
19.035528
18.757343
18.523689
18.369919
18.066793
17.998260
17.860035
17.653093
17.605297
17.445477
17.295307
17.091333
16.932178
16.814501
16.704876
16.469540
16.353453
16.197208
15.995599
15.880932
15.677540
15.528978
15.398492
15.116831
14.936831
14.817524
14.667869
14.563370
14.438151
14.350141
14.180834
13.975603
13.807872
13.639236
13.543838
13.482023
13.448562
13.151500
13.047814
12.985868
12.889398
12.624556
12.358038
12.278452
12.120833
12.018708
11.962747
11.785477
11.689077
11.629818
11.516092
11.371721
11.209826
11.135279
10.983135
10.877460
10.786783
10.626137
10.461549
10.438876
10.246791
10.103642
9.972989
9.730438
9.648254
9.539804
9.302704
9.148083
9.023787
9.018178
8.860305
8.819628
8.612424
8.422370
8.277206
8.126973
8.072721
7.908066
7.822149
7.675377
7.523118
7.358104
7.243922
7.161031
7.059958
6.867571
6.798228
6.564473
6.550362
6.344570
6.201576
6.119267
5.989218
5.834849
5.728746
5.576032
5.484233
5.376158
5.166594
4.983289
4.898485
4.813321
4.783375
4.471240
4.254441
4.212392
4.106931
3.997843
3.848438
3.742086
3.560832
3.424628
3.415149
3.133169
3.034041
2.737448
2.695703
2.510484
2.405517
2.150217
