iterations: 8 
18.336376
16.986673
16.874422
15.832818
15.710376
15.630945
15.456240
14.900142
14.610201
14.412960
14.196267
14.055543
13.949994
13.217188
13.047621
12.856858
12.474548
12.039020
11.834489
11.683025
11.557399
11.318050
11.141925
10.920236
10.733964
10.370791
10.284350
10.152782
9.923440
9.725047
9.362837
9.257841
8.951308
8.893864
8.479218
8.180576
8.102082
8.012073
7.698644
7.578271
7.351250
7.270342
7.117016
6.981536
6.649552
6.469914
6.278039
6.225763
5.948647
5.887137
5.476410
5.325596
5.065298
5.021823
4.786713
4.611451
4.566106
4.307773
4.188327
3.954145
3.757120
3.513874
3.252226
3.004900
2.848548
2.716220
2.578964
2.115536
2.086768
1.882796
1.485674
1.338401
