iterations: 9 
20.263044
20.087011
19.867598
18.917131
18.806728
18.624342
18.253979
17.869663
17.446142
17.365496
17.259151
17.048920
16.838272
16.802002
16.243317
16.051706
15.849999
15.568035
15.229513
15.084856
14.799873
14.497727
14.385160
14.272975
14.130581
13.712262
13.583775
13.427012
13.175402
12.842205
12.709474
12.639080
12.416695
12.175271
12.096432
11.975118
11.689281
11.667394
11.335333
11.272639
11.064892
10.650505
10.612812
10.415682
10.224942
10.044913
9.979588
9.674932
9.571490
9.310833
8.907577
8.812199
8.776878
8.657314
8.420777
8.360340
8.238807
8.046144
7.943400
7.808412
7.535909
7.456378
7.371093
7.082529
6.837629
6.790181
6.688205
6.406558
6.245766
6.170525
5.983332
5.788663
5.698647
5.432838
5.388390
5.167552
4.909276
4.848871
4.729384
4.520819
4.371005
4.199614
3.923085
3.813684
3.657236
3.544364
3.496865
3.281024
3.138623
3.045158
2.888932
2.707364
2.388843
2.079722
1.984396
1.585166
