iterations: 11 
74.640282
74.173523
73.677811
73.006996
72.894676
72.857338
72.739510
72.523346
72.463875
72.346710
72.300011
72.082100
71.815536
71.616661
71.515816
71.290199
71.231934
71.080933
70.891945
70.846031
70.600929
70.522758
70.372368
70.289017
70.083160
70.043861
69.933014
69.879715
69.652885
69.586334
69.505180
69.143044
69.140358
69.100861
68.902985
68.880821
68.754234
68.738220
68.503578
68.357796
68.291374
68.190109
68.108421
67.867584
67.789452
67.688301
67.612251
67.597176
67.537209
67.504532
67.334969
67.281647
67.049500
67.029839
66.979240
66.928802
66.710518
66.671181
66.587921
66.419006
66.342026
66.299232
66.243423
66.184013
66.028648
66.003700
65.836311
65.764374
65.728004
65.620651
65.426575
65.401016
65.301193
65.150482
65.056648
65.028152
64.997040
64.872917
64.690567
64.668198
64.588318
64.561440
64.442139
64.366760
64.319923
64.246437
64.124260
64.089149
64.007889
63.859558
63.846786
63.770535
63.700428
63.628635
63.593021
63.506645
63.362789
63.346672
63.178146
63.083847
62.998230
62.977283
62.903389
62.848091
62.808216
62.746071
62.649689
62.572296
62.497120
62.395836
62.170994
62.112339
62.090633
62.039165
61.979855
61.907772
61.801365
61.725685
61.684185
61.557240
61.487869
61.461143
61.368511
61.269897
61.225372
61.200176
61.114746
61.040764
60.980232
60.909611
60.842842
60.738693
60.622158
60.590050
60.530884
60.428768
60.368328
60.316589
60.227581
60.147038
60.076565
59.929726
59.891556
59.790802
59.746857
59.681351
59.584229
59.537437
59.499695
59.412239
59.397945
59.359806
59.264191
59.059872
59.000401
58.969467
58.941120
58.885742
58.751842
58.729862
58.655262
58.547058
58.521927
58.394760
58.339924
58.255005
58.176926
58.131992
58.088406
58.014530
57.975647
57.919075
57.874489
57.795757
57.706039
57.620300
57.568649
57.530132
57.482609
57.443405
57.309502
57.237080
57.229500
57.145599
57.105713
57.023319
56.924492
56.839424
56.793350
56.728085
56.698681
56.608002
56.520386
56.479961
56.449409
56.405392
56.247250
56.209053
56.075268
56.051380
56.009991
55.955307
55.888988
55.825115
55.719437
55.705116
55.595810
55.585629
55.486748
55.422016
55.355362
55.286674
55.199516
55.173939
55.112953
55.087967
54.967064
54.911751
54.874950
54.742085
54.701584
54.657536
54.539795
54.513252
54.478996
54.468460
54.294979
54.270863
54.194260
54.145199
53.998325
53.963219
53.914612
53.829891
53.752571
53.719669
53.697037
53.670231
53.644459
53.554703
53.479027
53.439873
53.377369
53.262684
53.194550
53.167786
53.083927
53.063923
52.969112
52.942871
52.886475
52.794319
52.715366
52.661800
52.638084
52.593689
52.472851
52.411213
52.362762
52.278194
52.204681
52.170784
52.084728
52.039703
51.994423
51.952866
51.858498
51.814014
51.776642
51.720509
51.645374
51.618530
51.493191
51.433880
51.407684
51.369743
51.352440
51.248596
51.235100
51.128658
51.100887
51.062431
51.025562
50.894966
50.874863
50.806519
50.757904
50.635429
50.588566
50.561958
50.499554
50.446812
50.403347
50.362495
50.290195
50.242546
50.136463
50.117538
49.993416
49.964539
49.888046
49.862934
49.805092
49.793865
49.681644
49.619213
49.596256
49.467789
49.400864
49.394451
49.371078
49.330490
49.278931
49.237297
49.120129
49.116989
49.006802
48.921379
48.892681
48.860565
48.802368
48.745739
48.669884
48.630089
48.614075
48.549461
48.543316
48.447884
48.406662
48.330833
48.279259
48.264832
48.174244
48.118301
48.040321
48.008080
47.986992
47.909023
47.866604
47.761299
47.722916
47.677635
47.578247
47.521946
47.457413
47.456394
47.396179
47.327534
47.301617
47.267532
47.198322
47.157024
47.040325
46.954399
46.933498
46.879654
46.851700
46.801231
46.734776
46.670921
46.620739
46.564548
46.497276
46.486229
46.414463
46.314537
46.283066
46.255550
46.222908
46.156834
46.105545
46.065624
45.966457
45.937302
45.909775
45.878910
45.810539
45.702106
45.625984
45.606430
45.524544
45.516335
45.449600
45.414463
45.391064
45.288673
45.277218
45.227306
45.181927
45.113007
45.037750
44.968369
44.901119
44.861130
44.800655
44.769665
44.741550
44.680824
44.599667
44.512733
44.462303
44.439693
44.379341
44.345184
44.286518
44.223949
44.195099
44.141918
44.118576
44.089565
44.043568
43.996922
43.913567
43.848328
43.839344
43.797611
43.677254
43.616337
43.547001
43.516163
43.460411
43.393299
43.352383
43.327946
43.251781
43.214458
43.178070
43.074223
43.039673
43.027084
42.952465
42.922054
42.892647
42.799583
42.774193
42.696423
42.672504
42.609962
42.571442
42.501862
42.407742
42.384441
42.303738
42.235874
42.172390
42.145901
42.134460
42.023697
41.948288
41.916595
41.870209
41.839748
41.810833
41.770401
41.744579
41.687859
41.664558
41.612568
41.566193
41.502422
41.442364
41.308468
41.256012
41.205956
41.174225
41.142601
41.070972
41.006165
40.926338
40.899986
40.871689
40.829487
40.788456
40.759724
40.682301
40.623055
40.585720
40.486279
40.448799
40.368816
40.349373
40.298088
40.265865
40.171810
40.159611
40.072968
40.026817
39.970852
39.913380
39.838215
39.805969
39.749355
39.735363
39.661629
39.644897
39.576408
39.520763
39.462498
39.445679
39.381859
39.338028
39.291569
39.219090
39.206371
39.120598
39.082333
39.008976
38.983349
38.935719
38.869495
38.838455
38.806984
38.673027
38.610531
38.583748
38.562733
38.502674
38.453720
38.431904
38.409836
38.318783
38.223957
38.214291
38.187996
38.149147
38.093063
38.064781
37.976337
37.931030
37.873611
37.846817
37.809780
37.758991
37.657394
37.610764
37.548752
37.526680
37.504795
37.413158
37.325901
37.307041
37.278595
37.251232
37.205154
37.190346
37.075336
37.069229
37.024666
36.972862
36.885838
36.851398
36.819317
36.758930
36.725555
36.632889
36.614059
36.519421
36.504951
36.432396
36.396839
36.277393
36.265831
36.235519
36.209301
36.165165
36.127171
36.083710
36.004787
35.983574
35.897320
35.843472
35.757072
35.745434
35.681835
35.621807
35.596226
35.578533
35.545151
35.432186
35.399784
35.363483
35.357616
35.274258
35.240753
35.186069
35.123604
35.085850
35.018585
34.993240
34.968483
34.908356
34.872276
34.813580
34.782276
34.685814
34.611263
34.572330
34.547878
34.478024
34.419197
34.392330
34.359337
34.286674
34.269779
34.188366
34.176476
34.101440
34.050156
33.979267
33.948071
33.855881
33.828167
33.786018
33.719460
33.701847
33.655266
33.602863
33.586445
33.487747
33.457390
33.419376
33.401131
33.352333
33.312920
33.252098
33.204269
33.189236
33.162258
33.102089
33.086460
32.996559
32.945198
32.868027
32.853588
32.822247
32.762199
32.703068
32.660652
32.614506
32.554970
32.534260
32.486492
32.436287
32.348259
32.334549
32.267387
32.256443
32.141598
32.122738
32.108135
32.022583
31.991682
31.920980
31.885359
31.856838
31.830910
31.796438
31.739338
31.670341
31.639595
31.610632
31.579817
31.541145
31.433523
31.421648
31.367935
31.311611
31.236860
31.194906
31.178751
31.165497
31.073500
31.053974
31.041433
30.965855
30.924187
30.901876
30.759233
30.743507
30.699713
30.657543
30.600067
30.529388
30.455387
30.416733
30.394197
30.363598
30.292198
30.259434
30.224947
30.190317
30.083103
30.027525
30.003443
29.973698
29.927380
29.869862
29.795391
29.730478
29.716166
29.681368
29.646290
29.577822
29.539038
29.529064
29.447529
29.406618
29.351126
29.309330
29.267071
29.222645
29.169333
29.107931
29.095013
29.045357
28.986538
28.955759
28.867611
28.852306
28.783430
28.715858
28.674120
28.644333
28.615543
28.567490
28.544935
28.504971
28.472013
28.402771
28.338310
28.313383
28.269638
28.241840
28.185947
28.154478
28.059864
28.021761
27.975504
27.945192
27.902431
27.869698
27.854774
27.779766
27.759710
27.685997
27.657257
27.616001
27.558254
27.521414
27.455486
27.394289
27.378403
27.343840
27.295073
27.223284
27.180233
27.162426
27.066898
27.059296
26.958029
26.933128
26.887632
26.842836
26.752159
26.702913
26.650686
26.628187
26.571268
26.513176
26.497795
26.461088
26.425289
26.363512
26.321320
26.265472
26.245483
26.205919
26.138412
26.120045
26.098822
26.032969
26.008142
25.953684
25.889772
25.845282
25.815464
25.776533
25.732944
25.695078
25.654638
25.612247
25.530603
25.492519
25.476171
25.421076
25.343927
25.289198
25.273661
25.221169
25.148415
25.121717
25.072504
25.023964
24.998375
24.970823
24.875711
24.842226
24.808498
24.766020
24.729757
24.672344
24.655140
24.515585
24.508474
24.474489
24.418217
24.324549
24.311216
24.294273
24.239998
24.192904
24.109234
24.085751
24.048014
23.978153
23.949896
23.923887
23.868868
23.818420
23.735182
23.690437
23.660265
23.621994
23.574392
23.532349
23.470379
23.442123
23.384554
23.355515
23.327662
23.308201
23.295588
23.221874
23.150793
23.122564
23.112776
23.061380
22.993450
22.953924
22.923054
22.862803
22.855579
22.796339
22.761974
22.699854
22.652748
22.579556
22.526442
22.482914
22.412880
22.388037
22.358715
22.313854
22.256615
22.245913
22.174137
22.129095
22.076475
22.072474
22.034615
21.976336
21.962305
21.914204
21.842743
21.767860
21.714756
21.631239
21.592310
21.554497
21.527382
21.477480
21.447199
21.384159
21.353794
21.334675
21.255053
21.154970
21.133282
21.077513
21.049488
21.028622
21.016050
20.912718
20.882549
20.846560
20.795033
20.713419
20.681135
20.637472
20.606024
20.544689
20.498667
20.454473
20.438988
20.397766
20.356342
20.256813
20.218616
20.206831
20.136976
20.089409
20.075987
20.018879
19.998903
19.963062
19.930986
19.850782
19.787392
19.725609
19.670250
19.658199
19.632261
19.617167
19.556051
19.496689
19.460484
19.434244
19.409220
19.330101
19.312897
19.218365
19.183722
19.165812
19.060333
19.026253
18.939440
18.873423
18.869213
18.822792
18.802259
18.772076
18.732225
18.695133
18.617043
18.580994
18.562935
18.519697
18.480249
18.411388
18.350800
18.307350
18.285843
18.262630
18.170755
18.112000
18.096758
18.083830
17.981724
17.974506
17.915510
17.903795
17.821529
17.773306
17.750444
17.666113
17.643494
17.582258
17.490494
17.477465
17.425228
17.397503
17.362707
17.297110
17.247087
17.237532
17.204115
17.117241
17.087137
17.051249
17.019556
16.945070
16.903702
16.877525
16.858057
16.768482
16.733358
16.698952
16.636763
16.571503
16.508585
16.479950
16.437910
16.415501
16.349024
16.302694
16.288542
16.213739
16.196367
16.154749
16.114010
16.072721
16.037271
15.984474
15.897482
15.860928
15.823367
15.756512
15.739308
15.673732
15.634974
15.600879
15.547133
15.541071
15.452771
15.423280
15.350551
15.324973
15.295934
15.262244
15.187838
15.134093
15.114854
15.075611
14.997544
14.960891
14.917511
14.870428
14.793098
14.726876
14.684769
14.677862
14.560211
14.556136
14.534809
14.471911
14.385000
14.373064
14.323519
14.238141
14.225493
14.201581
14.137385
14.128639
14.070798
14.027285
13.984077
13.905200
13.865977
13.819007
13.766734
13.736519
13.668777
13.635410
13.600247
13.572372
13.494495
13.448217
13.418553
13.334468
13.287405
13.236510
13.190761
13.158747
13.102505
13.047419
13.043051
13.013770
12.934236
12.881625
12.852018
12.805863
12.788665
12.725705
12.622553
12.567623
12.525373
12.492308
12.450747
12.382909
12.356346
12.297446
12.266891
12.215831
12.164981
12.148193
12.080082
12.034312
11.965631
11.903535
11.877058
11.787339
11.738592
11.697153
11.648404
11.588310
11.574935
11.534502
11.520291
11.447528
11.394098
11.351770
11.333841
11.277675
11.212130
11.200377
11.160463
11.084776
11.035573
10.985152
10.934547
10.869823
10.805102
10.789487
10.738228
10.703354
10.661721
10.611205
10.548035
10.531113
10.447330
10.415499
10.319328
10.300717
10.242246
10.186427
10.183953
10.111537
10.064216
9.950555
9.936149
9.860265
9.790435
9.772486
9.748425
9.677381
9.633193
9.613338
9.523281
9.452617
9.418378
9.411251
9.342977
9.323056
9.226803
9.196704
9.130754
9.052536
9.009733
8.973726
8.866050
8.776699
8.772167
8.728755
8.658134
8.628685
8.571515
8.504595
8.442941
8.417019
8.359625
8.324546
8.259742
8.205472
8.175303
8.134234
8.058670
8.017068
7.959102
7.893401
7.781799
7.694166
7.686795
7.603192
7.539316
7.513231
7.480497
7.395869
7.311369
7.280481
7.273620
7.138620
7.051564
6.948855
6.906400
6.879468
6.829806
6.778145
6.712556
6.565934
6.502725
6.429891
6.389705
6.294875
6.201355
6.109266
6.101148
5.962647
5.860550
5.782964
5.575059
