iterations: 10 
36.545277
36.248672
36.011265
35.869415
35.576794
35.379326
34.924755
34.720585
34.630257
34.573311
34.327076
34.152939
34.009773
33.835510
33.493416
33.140713
32.840271
32.772713
32.548405
32.503925
32.160812
32.009296
31.827869
31.736311
31.476288
31.297211
31.194973
31.099068
30.853651
30.795862
30.647455
30.498701
30.381012
30.102419
30.031269
29.987944
29.714096
29.593800
29.422968
29.390963
29.326565
29.221949
29.033129
28.727062
28.651579
28.351156
28.286354
28.200769
28.090340
27.995441
27.684475
27.623619
27.531971
27.420471
27.378805
27.226910
27.003172
26.983902
26.761122
26.665827
26.540226
26.522007
26.432808
26.355263
26.164442
25.991081
25.780983
25.773642
25.672346
25.566919
25.475050
25.422783
25.254032
25.081429
24.955927
24.720749
24.632067
24.549557
24.476831
24.319508
24.272583
24.223267
24.165785
24.037340
23.960760
23.776337
23.705845
23.594326
23.468672
23.345127
23.282333
23.090651
22.975414
22.830097
22.799610
22.701775
22.558598
22.470337
22.390182
22.252941
22.082436
22.058655
21.987139
21.774954
21.741638
21.669102
21.477840
21.328697
21.274416
21.257671
21.123163
21.044308
20.932093
20.869061
20.742695
20.515314
20.493053
20.425953
20.357933
20.271358
20.163410
19.955641
19.843937
19.685452
19.637960
19.523540
19.468981
19.296402
19.242380
19.105202
19.092957
18.950304
18.890440
18.810835
18.728611
18.661177
18.591434
18.450338
18.377478
18.275810
18.172707
17.994017
17.957075
17.831903
17.776949
17.707954
17.580683
17.473087
17.332266
17.266468
17.178694
17.028418
16.909868
16.822256
16.762604
16.678576
16.608030
16.580198
16.484127
16.413174
16.164381
16.050024
16.024176
15.903638
15.804700
15.688953
15.655972
15.535302
15.459143
15.401051
15.295037
15.260295
15.113847
15.017517
14.998590
14.844986
14.761444
14.687676
14.558974
14.532807
14.337523
14.241285
14.134930
14.052624
13.971091
13.850018
13.731853
13.729368
13.636285
13.552525
13.466297
13.311519
13.277304
13.147915
13.112873
12.946916
12.858999
12.796350
12.683924
12.652488
12.476999
12.406360
12.257856
12.206141
12.112801
12.016512
11.992315
11.784798
11.762562
11.680952
11.452850
11.416216
11.349014
11.295956
11.257749
11.084130
10.983243
10.927365
10.881687
10.779727
10.585508
10.527526
10.452747
10.417783
10.290043
10.212426
10.181435
10.100370
9.967460
9.915647
9.866456
9.757112
9.588890
9.470833
9.396522
9.207809
9.115322
9.072471
8.995444
8.949882
8.790009
8.710126
8.660961
8.577360
8.492771
8.389578
8.338359
8.238042
8.083305
8.044222
7.920198
7.824440
7.694468
7.625213
7.543705
7.441511
7.291724
7.216418
7.097104
7.016366
6.975208
6.953784
6.849890
6.632429
6.501171
6.431258
6.316451
6.241055
6.132076
6.087823
6.049603
5.975500
5.888494
5.801370
5.772132
5.636806
5.541197
5.392897
5.221014
5.173370
5.116560
4.966454
4.863934
4.762246
4.659007
4.433867
4.299312
4.212509
4.164456
4.110704
4.005054
3.919233
3.767756
3.630152
3.575610
3.266930
3.096709
3.077054
2.889746
2.764723
