iterations: 9 
23.425182
22.678108
22.448023
21.816639
21.500278
21.127712
20.604443
20.017326
19.883955
19.757957
19.636787
19.460360
19.340055
19.011692
18.654268
18.515856
18.353165
18.179989
18.085184
17.793713
17.751074
17.642872
17.358496
17.041597
16.858065
16.509121
16.445305
16.204163
16.065876
15.972302
15.773049
15.552065
15.364684
15.124196
14.799633
14.724637
14.599497
14.524323
14.346030
13.940342
13.738337
13.579104
13.438686
13.226365
13.205795
12.971936
12.802975
12.788235
12.691641
12.468394
12.374547
12.199209
11.849877
11.706343
11.626436
11.494711
11.442926
11.165601
11.060782
11.028125
10.844428
10.746140
10.432090
10.369200
10.083737
9.822458
9.792004
9.591918
9.472085
9.295925
9.232453
9.108231
9.053451
8.878336
8.786949
8.593844
8.410761
8.300519
8.093307
7.865111
7.821889
7.647067
7.566153
7.383861
7.213167
7.131226
7.112671
6.967891
6.916426
6.591651
6.474922
6.223339
6.084178
5.856334
5.821734
5.619344
5.508967
5.345181
5.261199
5.079211
4.982286
4.791245
4.605991
4.557267
4.389725
4.305959
4.122014
3.882682
3.832607
3.672370
3.539398
3.469410
3.398999
3.104400
2.927155
2.729012
2.452394
2.353779
2.118714
1.955466
