iterations: 10 
52.345051
52.182682
52.071438
51.775623
51.575741
51.215870
50.922943
50.723083
50.341805
50.242493
49.992397
49.887589
49.807201
49.681908
49.403744
49.138618
48.883286
48.802368
48.669426
48.542179
48.369232
48.287365
48.133888
48.075375
47.761177
47.583897
47.341751
47.263035
47.183159
46.996048
46.831799
46.650791
46.554882
46.419579
46.321754
46.158283
46.072289
45.976719
45.879131
45.761868
45.675526
45.436924
45.307941
45.249191
45.079868
44.983379
44.899292
44.779713
44.679081
44.643120
44.480156
44.351917
44.196819
44.098457
44.046524
43.901775
43.792450
43.718349
43.578026
43.516907
43.432281
43.313629
43.138844
42.986259
42.884979
42.828175
42.729416
42.654697
42.628616
42.514133
42.364506
42.315762
42.193024
42.115211
42.035954
41.988636
41.864548
41.778084
41.708626
41.499279
41.436104
41.367649
41.286312
41.195671
41.078033
40.942955
40.905434
40.747982
40.630882
40.578770
40.452782
40.342754
40.294552
40.239471
40.140564
40.006958
39.973141
39.855789
39.734974
39.649033
39.630562
39.501011
39.401226
39.321522
39.155537
39.106739
39.064484
38.995609
38.933975
38.834110
38.594467
38.554306
38.437233
38.322529
38.267151
38.193630
38.065632
38.009438
37.940563
37.817886
37.765228
37.702972
37.666042
37.497055
37.296318
37.255569
37.214649
37.126591
37.094234
36.918915
36.860405
36.837093
36.573730
36.530472
36.451885
36.448738
36.361019
36.290195
36.245731
36.168980
36.149143
36.001465
35.846180
35.800552
35.768974
35.740051
35.641129
35.560837
35.430759
35.404327
35.272503
35.235916
35.132843
35.009243
34.954983
34.847958
34.766350
34.704975
34.649624
34.578331
34.499992
34.381432
34.306786
34.274960
34.206676
34.074085
34.039867
33.907108
33.887058
33.763378
33.717350
33.607841
33.498375
33.451607
33.377514
33.343922
33.252686
33.110817
33.076885
33.014946
32.967873
32.875404
32.837639
32.728657
32.626888
32.565830
32.435696
32.404503
32.344429
32.238617
32.180161
32.112335
32.047249
31.913015
31.875473
31.802437
31.724678
31.719120
31.607506
31.575220
31.391422
31.339479
31.232050
31.183310
31.138041
31.043749
30.980259
30.792894
30.772297
30.647181
30.602636
30.512497
30.456282
30.412037
30.305725
30.257332
30.107286
30.081034
30.056669
29.934477
29.849220
29.758781
29.699371
29.681549
29.583757
29.506952
29.405025
29.394785
29.199198
29.150677
29.030720
28.998873
28.943230
28.842052
28.822290
28.763853
28.725395
28.653692
28.574873
28.473717
28.405386
28.326746
28.267441
28.215872
28.164770
28.117121
28.001904
27.903019
27.783875
27.775450
27.739811
27.634766
27.577932
27.535393
27.477045
27.404531
27.337986
27.312092
27.248199
27.114899
27.015604
26.932255
26.900803
26.852919
26.821060
26.722990
26.682833
26.539839
26.426483
26.360323
26.343527
26.278265
26.234161
26.117085
26.084757
26.055895
25.927197
25.766537
25.759138
25.732605
25.645178
25.553703
25.510288
25.425158
25.394520
25.302359
25.251196
25.217381
25.119917
25.058781
25.032129
24.932013
24.816383
24.765476
24.689623
24.565590
24.509008
24.474630
24.387936
24.371849
24.339043
24.240355
24.175781
24.068970
24.024216
23.959225
23.818012
23.775644
23.711079
23.675728
23.597940
23.555643
23.481636
23.395287
23.347322
23.238998
23.204882
23.134556
23.083683
22.991627
22.963104
22.868647
22.705444
22.701365
22.655481
22.554285
22.526577
22.445282
22.417393
22.328959
22.295326
22.248222
22.195595
22.125084
22.020632
21.902689
21.843931
21.804148
21.692862
21.635731
21.606714
21.542984
21.489893
21.451605
21.412283
21.306330
21.225464
21.149698
21.103479
21.045639
20.992714
20.970814
20.916729
20.849188
20.734085
20.657227
20.629175
20.529043
20.374929
20.359959
20.256027
20.224215
20.208639
20.165031
20.082182
20.044058
19.983934
19.894102
19.865198
19.792101
19.770042
19.690044
19.552868
19.484829
19.450584
19.393408
19.369320
19.208717
19.114271
19.049402
19.006943
18.933336
18.863022
18.821562
18.712603
18.632374
18.617344
18.581963
18.496681
18.488535
18.374216
18.333267
18.293554
18.185795
18.120178
18.079615
18.038696
18.029848
17.938374
17.853975
17.754869
17.657623
17.622271
17.532312
17.491949
17.442093
17.400028
17.252342
17.230444
17.183886
17.160616
16.993813
16.942183
16.843758
16.797926
16.753447
16.716150
16.669140
16.509764
16.456129
16.391064
16.383045
16.317724
16.258850
16.242527
16.187265
16.108402
16.032156
15.973450
15.889306
15.862149
15.767735
15.676888
15.649774
15.568740
15.508284
15.368708
15.340068
15.274046
15.216187
15.192135
15.105512
15.034178
14.991575
14.884134
14.815133
14.763966
14.726441
14.594927
14.517085
14.470306
14.388459
14.356647
14.279468
14.247646
14.212906
14.184003
14.111839
14.030964
13.980526
13.917697
13.831837
13.814985
13.714537
13.640412
13.568192
13.503653
13.464277
13.375597
13.330546
13.269314
13.191281
13.135734
13.016697
12.953788
12.884817
12.827186
12.744314
12.704863
12.580886
12.544489
12.432564
12.385221
12.353580
12.303127
12.231799
12.159429
12.005313
11.965353
11.912035
11.865401
11.818875
11.772365
11.616179
11.542588
11.517040
11.492291
11.463203
11.395270
11.236827
11.182084
11.147194
11.019680
10.986124
10.959529
10.902012
10.807759
10.751670
10.719608
10.661716
10.627989
10.485089
10.434173
10.383120
10.312939
10.227648
10.166595
10.112946
10.054099
10.008722
9.932834
9.850265
9.791843
9.771909
9.710308
9.647178
9.573085
9.532721
9.437473
9.362339
9.306331
9.274878
9.222032
9.136345
9.071506
8.962630
8.936952
8.845971
8.812602
8.773932
8.650417
8.643382
8.564504
8.512222
8.441629
8.381106
8.307536
8.230566
8.117742
8.093845
7.966172
7.908425
7.840612
7.819379
7.669992
7.596988
7.533915
7.464973
7.454659
7.352885
7.325917
7.198201
7.121277
7.054388
6.901908
6.881200
6.851937
6.782849
6.665465
6.578774
6.541745
6.471017
6.409625
6.361799
6.266369
6.247841
6.181699
6.078235
5.976454
5.893219
5.851188
5.807370
5.641499
5.532743
5.418268
5.401830
5.256972
5.104991
5.056525
4.961637
4.892366
4.825209
4.612450
4.502198
4.468636
4.405585
4.314022
4.147754
4.084128
4.010242
