iterations: 9 
26.005239
25.565466
24.768373
24.466499
24.197535
23.903383
23.808807
23.349285
23.205906
22.992830
22.440495
22.363977
22.159304
21.953236
21.824909
21.743280
21.537142
21.343082
21.168612
20.962019
20.681173
20.428082
20.283802
20.190611
20.032309
19.904316
19.693899
19.382561
19.221312
19.130455
19.035622
18.757444
18.523787
18.370045
18.066910
17.998365
17.860130
17.653194
17.605415
17.445606
17.295412
17.091463
16.932278
16.814592
16.705002
16.469646
16.353575
16.197321
15.995718
15.881044
15.677647
15.529080
15.398600
15.116935
14.936910
14.817635
14.667956
14.563460
14.438221
14.350260
14.180931
13.975686
13.807967
13.639322
13.543938
13.482117
13.448666
13.151594
13.047893
12.985957
12.889486
12.624629
12.358131
12.278534
12.120902
12.018790
11.962835
11.785539
11.689159
11.629911
11.516182
11.371792
11.209899
11.135363
10.983208
10.877537
10.786864
10.626212
10.461624
10.438944
10.246861
10.103718
9.973067
9.730509
9.648345
9.539867
9.302765
9.148150
9.023849
9.018242
8.860368
8.819690
8.612491
8.422438
8.277258
8.127027
8.072781
7.908116
7.822205
7.675432
7.523167
7.358156
7.243974
7.161086
7.060006
6.867616
6.798273
6.564517
6.550399
6.344613
6.201622
6.119310
5.989257
5.834881
5.728782
5.576068
5.484268
5.376188
5.166628
4.983316
4.898517
4.813354
4.783405
4.471272
4.254467
4.212423
4.106956
3.997869
3.848463
3.742109
3.560858
3.424649
3.415170
3.133189
3.034061
2.737466
2.695716
2.510495
2.405530
2.150228
